           1     7.54536           0
           2     7.55908  0.00970495
           3     7.54908   0.0104154
           4     7.54195  0.00996015
           5     7.56573    0.022713
           6     7.55461   0.0214794
           7       7.558   0.0186774
           8     7.56761   0.0186515
           9     7.57342   0.0174612
          10     7.56841   0.0164176
          11     7.57037    0.015041
          12     7.57685   0.0151187
          13     7.57713   0.0139583
          14     7.57474   0.0131632
          15     7.57772   0.0126185
          16     7.57478   0.0121687
          17     7.56901   0.0127484
          18     7.56407   0.0129627
          19     7.56377   0.0122839
          20     7.56484   0.0117165
          21     7.56822   0.0116363
          22     7.56989   0.0112264
          23     7.57322   0.0112218
          24     7.57545    0.010973
          25     7.57461   0.0105659
          26      7.5712    0.010698
          27     7.56937   0.0104561
          28     7.56617   0.0105606
          29      7.5667   0.0102095
          30     7.56859   0.0100437
          31     7.57142   0.0101097
          32     7.57235  0.00983637
          33     7.57649   0.0103723
          34     7.57462   0.0102348
          35      7.5748  0.00994391
          36      7.5731  0.00981108
          37     7.57614   0.0100059
          38     7.58015   0.0105139
          39     7.57819   0.0104255
          40     7.57814    0.010165
          41     7.57843  0.00992134
          42      7.5787  0.00968866
          43     7.58067  0.00966297
          44     7.58247  0.00960829
          45     7.58436  0.00957861
          46     7.58388  0.00938212
          47     7.58685  0.00964088
          48     7.58714  0.00944447
          49     7.58722  0.00925205
          50     7.58611  0.00913336
          51     7.58889  0.00936823
          52     7.58649  0.00949054
          53     7.58579  0.00933734
          54      7.5849  0.00920649
          55     7.58445  0.00905011
          56     7.58571  0.00897581
          57     7.58533  0.00882672
          58     7.58544  0.00867526
          59     7.58401   0.0086451
          60     7.58335  0.00852623
          61     7.58421  0.00842996
          62     7.58415  0.00829421
          63     7.58356  0.00818385
          64     7.58389  0.00806281
          65     7.58464  0.00797308
          66     7.58401  0.00787706
          67     7.58465  0.00778538
          68      7.5851  0.00768442
          69     7.58397  0.00765599
          70     7.58391  0.00754685
          71     7.58403  0.00744144
          72     7.58323  0.00738059
          73     7.58491  0.00746801
          74     7.58579  0.00741896
          75     7.58539  0.00733115
          76     7.58622  0.00728215
          77     7.58621  0.00718758
          78      7.5858  0.00710744
          79     7.58512  0.00704976
          80     7.58478  0.00696973
          81     7.58598  0.00698626
          82     7.58675   0.0069435
          83     7.58765   0.0069173
          84     7.58713  0.00685414
          85     7.58725  0.00677456
          86     7.58682  0.00670986
          87     7.58695  0.00663399
          88      7.5861  0.00661177
          89     7.58657  0.00655363
          90     7.58676   0.0064838
          91     7.58568  0.00650324
          92     7.58554  0.00643392
          93     7.58459   0.0064347
          94     7.58352  0.00645517
          95     7.58524  0.00661195
          96     7.58515  0.00654358
          97     7.58578  0.00650548
          98     7.58576  0.00643912
          99     7.58517  0.00640053
         100     7.58548  0.00634372
