   0.0461329           0           0
   0.0691993           0           0
   0.0922657           0           0
    0.115332           0           0
    0.138399           0           0
    0.161465           0           0
    0.184531           0           0
    0.207598           0           0
    0.230664           0           0
    0.253731           0           0
    0.276797           0           0
    0.299864           0           0
     0.32293           0           0
    0.345996           0           0
    0.369063           0           0
    0.392129           0           0
    0.415196           0           0
    0.438262           0           0
    0.461329           0           0
    0.484395           0           0
    0.507461           0           0
    0.530528           0           0
    0.553594           0           0
    0.576661           0           0
    0.599727           0           0
    0.622794           0           0
     0.64586           0           0
    0.668926           0           0
    0.691993           0           0
    0.715059           0           0
    0.738126           0           0
    0.761192           0           0
    0.784259           0           0
    0.807325           0           0
    0.830391           0           0
    0.853458           0           0
    0.876524           0           0
    0.899591           0           0
    0.922657 8.18532e-05 1.18243e-05
    0.945724  0.00305804 7.28135e-05
     0.96879   0.0426074 0.000277015
    0.991856    0.266032 0.000850456
     1.01492    0.916561  0.00178232
     1.03799     2.04462  0.00234624
     1.06106      3.3208  0.00196367
     1.08412     4.23904  0.00219734
     1.10719      4.5053   0.0032267
     1.13026      4.1369  0.00314828
     1.15332      3.3777  0.00261641
     1.17639     2.48998  0.00172245
     1.19945     1.68192  0.00121532
     1.22252     1.04535  0.00115112
     1.24559    0.607037  0.00109242
     1.26865    0.326987 0.000931239
     1.29172    0.166544 0.000731973
     1.31479    0.082055 0.000512853
     1.33785    0.045161 0.000418807
     1.36092   0.0389553 0.000395632
     1.38399   0.0558072  0.00045691
     1.40705   0.0978908  0.00052641
     1.43012    0.171147 0.000627091
     1.45319    0.280051 0.000626536
     1.47625    0.425746 0.000630559
     1.49932    0.590853  0.00055872
     1.52238    0.751718 0.000793789
     1.54545    0.869234  0.00117899
     1.56852    0.916459  0.00138936
     1.59158    0.878892  0.00117236
     1.61465    0.765052 0.000822516
     1.63772     0.60568 0.000616736
     1.66078    0.440149 0.000536217
     1.68385    0.298403 0.000623026
     1.70692    0.206132 0.000746302
     1.72998    0.180564 0.000831749
     1.75305     0.23991  0.00102101
     1.77612    0.410658  0.00115704
     1.79918    0.710254  0.00126492
     1.82225     1.13691 0.000961488
     1.84531     1.64248 0.000731353
     1.86838     2.12783  0.00113184
     1.89145     2.47469  0.00194273
     1.91451     2.58921  0.00241254
     1.93758     2.44174  0.00225343
     1.96065     2.08213  0.00154178
     1.98371     1.61349 0.000912003
     2.00678     1.14535 0.000768666
     2.02985    0.765049  0.00111443
     2.05291    0.516404  0.00127635
     2.07598    0.413412  0.00125679
     2.09905    0.439317  0.00103693
     2.12211    0.560275 0.000794011
     2.14518    0.726299  0.00047971
     2.16824    0.879082 0.000613363
     2.19131     0.97279 0.000836004
     2.21438    0.981001 0.000937954
     2.23744     0.88352 0.000746568
     2.26051    0.749311 0.000547278
     2.28358    0.626761 0.000624143
     2.30664    0.547917 0.000997277
     2.32971    0.548579  0.00124143
