           1    -7.55491           0
           2    -7.55302    0.001335
           3    -7.55492  0.00178935
           4    -7.55617  0.00172011
           5    -7.55163  0.00428707
           6    -7.55366  0.00402348
           7    -7.55294  0.00351089
           8    -7.55109  0.00352621
           9    -7.55011  0.00326835
          10    -7.55115  0.00310127
          11    -7.55078  0.00284113
          12    -7.54962  0.00283224
          13    -7.54958  0.00261457
          14    -7.54998  0.00245773
          15    -7.54944  0.00235339
          16    -7.55001  0.00227568
          17    -7.55102  0.00235508
          18    -7.55192  0.00239104
          19    -7.55195  0.00226538
          20    -7.55172  0.00216384
          21    -7.55112  0.00214305
          22    -7.55085  0.00206258
          23    -7.55031  0.00204266
          24    -7.54989  0.00200004
          25    -7.55007  0.00192771
          26    -7.55068  0.00194757
          27    -7.55102  0.00190543
          28    -7.55161    0.001927
          29    -7.55151  0.00186303
          30    -7.55116  0.00183445
          31    -7.55062   0.0018516
          32    -7.55046  0.00180076
          33    -7.54974  0.00188659
          34    -7.55008  0.00186163
          35    -7.55006   0.0018085
          36    -7.55037  0.00178475
          37    -7.54982  0.00182086
          38     -7.5491  0.00190902
          39    -7.54947  0.00189539
          40    -7.54946  0.00184801
          41    -7.54942  0.00180354
          42    -7.54938  0.00176098
          43    -7.54903  0.00175509
          44    -7.54869  0.00174601
          45    -7.54835  0.00174163
          46    -7.54843  0.00170599
          47     -7.5479  0.00175076
          48    -7.54783  0.00171571
          49    -7.54783   0.0016807
          50    -7.54803  0.00165885
          51    -7.54752   0.0017009
          52    -7.54797  0.00172574
          53    -7.54808  0.00169703
          54    -7.54822  0.00167105
          55     -7.5483  0.00164272
          56    -7.54805  0.00163314
          57    -7.54811  0.00160567
          58     -7.5481  0.00157805
          59    -7.54834  0.00157003
          60    -7.54845  0.00154785
          61    -7.54832  0.00152819
          62    -7.54833  0.00150363
          63    -7.54845  0.00148381
          64    -7.54839  0.00146164
          65    -7.54826  0.00144498
          66    -7.54838  0.00142804
          67    -7.54827   0.0014108
          68    -7.54818   0.0013927
          69    -7.54839  0.00138823
          70     -7.5484  0.00136844
          71    -7.54838  0.00134937
          72    -7.54852  0.00133819
          73    -7.54821  0.00135695
          74    -7.54803  0.00135053
          75     -7.5481  0.00133455
          76    -7.54794  0.00132704
          77    -7.54795  0.00130991
          78    -7.54803  0.00129511
          79    -7.54815  0.00128456
          80    -7.54822  0.00127025
          81    -7.54799    0.001275
          82    -7.54783  0.00126848
          83    -7.54768  0.00126311
          84    -7.54778  0.00125274
          85    -7.54777  0.00123809
          86    -7.54785  0.00122633
          87    -7.54782  0.00121257
          88    -7.54797  0.00120817
          89    -7.54789  0.00119718
          90    -7.54785  0.00118455
          91    -7.54805  0.00118732
          92    -7.54807  0.00117463
          93    -7.54824   0.0011736
          94    -7.54842  0.00117601
          95    -7.54811  0.00120438
          96    -7.54813  0.00119204
          97    -7.54802  0.00118541
          98    -7.54802  0.00117332
          99    -7.54812  0.00116592
         100    -7.54807  0.00115548
