           1     1.38333           0
           2     1.48636   0.0728468
           3     1.43096   0.0663655
           4     1.39196   0.0601501
           5     1.38951   0.0481699
           6     1.38092   0.0409002
           7     1.38455   0.0352179
           8     1.40112   0.0344929
           9     1.39871   0.0307446
          10      1.4064   0.0286165
          11     1.41074   0.0263419
          12      1.4091   0.0241978
          13     1.42349   0.0262677
          14     1.42928   0.0250228
          15     1.42498    0.023721
          16     1.42948   0.0226601
          17     1.41847    0.023852
          18     1.40797   0.0247313
          19      1.4045   0.0236707
          20     1.40509   0.0224945
          21     1.40743   0.0215442
          22     1.41372   0.0214633
          23      1.4098   0.0208845
          24     1.40826    0.020071
          25     1.41525   0.0204469
          26     1.41505   0.0196614
          27      1.4115   0.0192498
          28     1.41187   0.0185657
          29     1.40806   0.0183124
          30     1.40414   0.0181169
          31     1.40708   0.0177695
          32     1.40916   0.0173358
          33     1.41087   0.0168951
          34     1.40919   0.0164821
          35     1.40781   0.0160689
          36     1.40543   0.0157975
          37     1.40462   0.0153914
          38      1.4053   0.0150014
          39     1.40242   0.0148901
          40     1.40107   0.0145788
          41     1.39878   0.0144016
          42     1.39447   0.0146905
          43     1.39768   0.0146962
          44     1.39645   0.0144138
          45     1.39863   0.0142578
          46     1.39527   0.0143401
          47     1.39525    0.014035
          48     1.39748   0.0139184
          49     1.39972   0.0138144
          50      1.3969   0.0138237
          51     1.39638   0.0135625
          52     1.39517    0.013355
          53     1.39424   0.0131356
          54       1.393   0.0129507
          55     1.39092    0.012881
          56     1.39359   0.0129252
          57     1.39191    0.012808
          58      1.3931   0.0126422
          59     1.39125   0.0125623
          60     1.39262   0.0124278
          61     1.39189   0.0122454
          62     1.39299   0.0120971
          63     1.39178   0.0119656
          64     1.39237    0.011793
          65     1.39155   0.0116398
          66     1.39457   0.0118504
          67     1.39438   0.0116751
          68     1.39303   0.0115812
          69     1.39429   0.0114813
          70     1.39459   0.0113211
          71     1.39822   0.0117308
          72     1.40196   0.0121483
          73     1.40082   0.0120355
          74      1.4012   0.0118789
          75     1.39985   0.0117963
          76     1.40102   0.0116993
          77     1.39968   0.0116241
          78     1.39849    0.011536
          79     1.39817   0.0113944
          80      1.3973   0.0112853
          81     1.39766   0.0111518
          82     1.39576   0.0111775
          83     1.39417    0.011155
          84     1.39395   0.0110243
          85     1.39508   0.0109517
          86     1.39574   0.0108446
          87     1.39612   0.0107263
          88     1.39476   0.0106904
          89     1.39513   0.0105768
          90     1.39526   0.0104601
          91     1.39378   0.0104495
          92     1.39159   0.0105626
          93      1.3908   0.0104781
          94     1.39102   0.0103689
          95     1.39045   0.0102753
          96     1.39002   0.0101775
          97     1.39205   0.0102741
          98       1.393   0.0102129
          99     1.39452   0.0102221
         100     1.39412   0.0101275
