   0.0512993           0           0
   0.0769489           0           0
    0.102599           0           0
    0.128248           0           0
    0.153898           0           0
    0.179547           0           0
    0.205197           0           0
    0.230847           0           0
    0.256496           0           0
    0.282146           0           0
    0.307796           0           0
    0.333445           0           0
    0.359095           0           0
    0.384745           0           0
    0.410394           0           0
    0.436044           0           0
    0.461694           0           0
    0.487343           0           0
    0.512993           0           0
    0.538642           0           0
    0.564292           0           0
    0.589942           0           0
    0.615591           0           0
    0.641241           0           0
    0.666891           0           0
     0.69254           0           0
     0.71819           0           0
     0.74384           0           0
    0.769489           0           0
    0.795139           0           0
    0.820788           0           0
    0.846438           0           0
    0.872088           0           0
    0.897737  1.4724e-05 6.00751e-06
    0.923387  0.00117162 4.83533e-05
    0.949037   0.0218602 0.000241923
    0.974686    0.148294 0.000760623
     1.00034    0.506656  0.00168954
     1.02599     1.08439  0.00245704
     1.05164     1.68732  0.00272701
     1.07728     2.12324  0.00234889
     1.10293     2.32544  0.00190034
     1.12858     2.32561  0.00177029
     1.15423     2.20363  0.00198187
     1.17988     2.01494  0.00201517
     1.20553     1.81295  0.00186344
     1.23118     1.61134  0.00198227
     1.25683     1.43351  0.00201151
     1.28248      1.2806  0.00184322
     1.30813     1.14972  0.00155303
     1.33378     1.03855   0.0014314
     1.35943    0.947727  0.00141611
     1.38508    0.870792  0.00119262
     1.41073    0.811693  0.00115066
     1.43638     0.76039  0.00108738
     1.46203    0.720493 0.000992032
     1.48768    0.687375 0.000985734
     1.51333    0.664021  0.00103558
     1.53898    0.647298  0.00102554
     1.56463    0.636282  0.00108397
     1.59028    0.630501 0.000970671
     1.61593    0.631103 0.000966456
     1.64158     0.63426 0.000927773
     1.66723    0.646253   0.0009106
     1.69288    0.660987 0.000905382
     1.71853    0.681011 0.000947578
     1.74418    0.705824  0.00098596
     1.76983    0.735185  0.00103237
     1.79547    0.770774  0.00113074
     1.82112    0.806929  0.00104341
     1.84677    0.845205  0.00114754
     1.87242    0.885758  0.00107728
     1.89807    0.924596  0.00103079
     1.92372    0.965307  0.00113065
     1.94937     1.00313 0.000926541
     1.97502     1.03869  0.00109065
     2.00067     1.07322 0.000968846
     2.02632     1.10218 0.000916265
     2.05197     1.12719 0.000947909
     2.07762     1.14536 0.000891855
     2.10327     1.15634 0.000846685
     2.12892     1.15831 0.000938503
     2.15457     1.15199 0.000990329
     2.18022     1.13994 0.000968445
     2.20587     1.12266 0.000986582
     2.23152     1.09914 0.000912118
     2.25717     1.07437  0.00102323
     2.28282     1.04686 0.000967734
     2.30847     1.02057  0.00100376
     2.33412    0.994168 0.000930183
     2.35977     0.96923 0.000939496
     2.38542    0.945435  0.00097371
     2.41107    0.924586 0.000923235
     2.43672    0.908454 0.000785619
     2.46237    0.893302 0.000723777
     2.48802    0.880247 0.000796566
     2.51366    0.872032  0.00080562
     2.53931    0.858982 0.000818645
     2.56496    0.850989 0.000823019
     2.59061    0.851541 0.000727877
