           1    -5.45973           0
           2    -5.44134   0.0129986
           3    -5.45607    0.014818
           4    -5.46363   0.0129002
           5    -5.46445   0.0103462
           6    -5.46623   0.0087745
           7    -5.46642  0.00752298
           8    -5.46391   0.0069885
           9    -5.46359  0.00621943
          10     -5.4624  0.00570941
          11     -5.4614  0.00527789
          12    -5.46141  0.00483809
          13    -5.45929  0.00491064
          14    -5.45856  0.00461396
          15    -5.45888  0.00431774
          16    -5.45793  0.00415058
          17    -5.46023  0.00449877
          18    -5.46245  0.00476139
          19    -5.46319  0.00456922
          20    -5.46311  0.00434151
          21    -5.46284  0.00414314
          22     -5.4618  0.00408238
          23    -5.46263  0.00398724
          24     -5.4628  0.00382498
          25     -5.4616  0.00385724
          26    -5.46132  0.00371924
          27      -5.462  0.00364378
          28    -5.46178  0.00352025
          29    -5.46238  0.00344958
          30    -5.46361  0.00354604
          31    -5.46289  0.00350301
          32     -5.4628  0.00339481
          33     -5.4624  0.00331517
          34    -5.46245  0.00321807
          35    -5.46258  0.00312883
          36    -5.46312  0.00308769
          37    -5.46346  0.00302264
          38    -5.46322  0.00295282
          39    -5.46378  0.00292977
          40    -5.46402  0.00286634
          41    -5.46445  0.00282887
          42    -5.46524   0.0028706
          43    -5.46447  0.00290651
          44    -5.46459  0.00284316
          45    -5.46425  0.00280063
          46    -5.46469  0.00277362
          47    -5.46459  0.00271626
          48    -5.46438  0.00266796
          49    -5.46395   0.0026471
          50    -5.46459  0.00266907
          51    -5.46451  0.00261782
          52    -5.46481  0.00258411
          53    -5.46507  0.00254857
          54    -5.46525  0.00250789
          55    -5.46557  0.00248227
          56    -5.46523  0.00246139
          57    -5.46555  0.00243899
          58    -5.46536  0.00240397
          59    -5.46592  0.00242711
          60    -5.46564  0.00240227
          61    -5.46577  0.00236614
          62    -5.46554  0.00233922
          63    -5.46576  0.00231269
          64    -5.46573  0.00227674
          65    -5.46578  0.00224231
          66    -5.46525  0.00227172
          67    -5.46523  0.00223788
          68    -5.46546  0.00221681
          69    -5.46521  0.00219871
          70    -5.46506  0.00217283
          71    -5.46441  0.00223689
          72    -5.46373  0.00230642
          73    -5.46388   0.0022798
          74    -5.46385  0.00224922
          75    -5.46409  0.00223266
          76    -5.46392  0.00220999
          77    -5.46422  0.00220131
          78    -5.46431   0.0021752
          79    -5.46427  0.00214808
          80     -5.4644  0.00212516
          81    -5.46432  0.00210066
          82    -5.46468  0.00210561
          83    -5.46508  0.00211961
          84    -5.46519   0.0020968
          85    -5.46493  0.00208719
          86    -5.46481  0.00206642
          87    -5.46469  0.00204633
          88    -5.46486   0.0020299
          89    -5.46481  0.00200771
          90    -5.46476  0.00198609
          91    -5.46503  0.00198387
          92    -5.46546  0.00200694
          93    -5.46556  0.00198778
          94    -5.46556  0.00196664
          95     -5.4657   0.0019506
          96    -5.46581  0.00193369
          97     -5.4654  0.00195796
          98    -5.46519  0.00194867
          99    -5.46497   0.0019417
         100    -5.46504  0.00192364
