           1     7.71559           0
           2     7.76044   0.0317181
           3     7.73735   0.0283296
           4     7.75264   0.0250362
           5     7.74742   0.0205663
           6     7.74456   0.0173363
           7     7.73323   0.0181892
           8     7.73141   0.0160065
           9     7.72563   0.0152369
          10      7.7159   0.0165267
          11     7.71492   0.0150536
          12     7.71081    0.014349
          13      7.7149   0.0138162
          14     7.71411   0.0128521
          15     7.71941   0.0130453
          16     7.72109   0.0123366
          17     7.72184   0.0116339
          18     7.72031   0.0110877
          19     7.72252   0.0107226
          20     7.72193   0.0102027
          21     7.72565   0.0103706
          22     7.72486  0.00992871
          23     7.72606  0.00956883
          24     7.72704  0.00922001
          25     7.72536  0.00900332
          26     7.72645  0.00872369
          27     7.72939  0.00888038
          28     7.72864  0.00859481
          29     7.72665  0.00852431
          30       7.726  0.00826526
          31     7.72553  0.00801177
          32     7.72801  0.00813454
          33     7.72693  0.00795939
          34     7.72554  0.00784572
          35     7.72382  0.00780775
          36     7.72382  0.00759087
          37     7.72271  0.00746667
          38     7.72115  0.00743105
          39     7.72095  0.00724345
          40     7.72286  0.00731216
          41     7.72384  0.00719868
          42     7.72198  0.00726496
          43     7.72013  0.00732754
          44     7.71904  0.00724167
          45     7.71865  0.00709127
          46     7.71816  0.00695401
          47     7.71769  0.00682175
          48     7.71819  0.00669823
          49     7.71858  0.00657276
          50     7.71934  0.00648453
          51     7.71984  0.00637703
          52       7.719  0.00630916
          53     7.72028  0.00631739
          54     7.71981  0.00621783
          55     7.72026  0.00612102
          56      7.7201  0.00601373
          57      7.7201  0.00590823
          58     7.72037  0.00581264
          59     7.72099  0.00574675
          60     7.72023  0.00570067
          61     7.72069  0.00562605
          62     7.72059  0.00553618
          63      7.7193  0.00559656
          64     7.72028  0.00559364
          65     7.72014  0.00550938
          66     7.71879  0.00558789
          67     7.71988  0.00560866
          68     7.71939   0.0055471
          69     7.71923  0.00546902
          70     7.72059  0.00555628
          71      7.7191  0.00567334
          72     7.71864  0.00561341
          73     7.71909  0.00555445
          74     7.71968  0.00551112
          75     7.72136  0.00568748
          76     7.72247  0.00571963
          77     7.72077  0.00589096
          78     7.72173  0.00589193
          79     7.72097  0.00586549
          80      7.7211  0.00579356
          81      7.7211  0.00572204
          82     7.72223  0.00576373
          83     7.72046  0.00595978
          84     7.72071  0.00589406
          85     7.72112  0.00583851
          86     7.72035  0.00582033
          87     7.72001   0.0057633
          88     7.72103  0.00578689
          89     7.72129  0.00572748
          90     7.72076  0.00568797
          91     7.72103  0.00563183
          92     7.72171  0.00561124
          93     7.72135   0.0055623
          94     7.72199  0.00553965
          95     7.72189  0.00548222
          96     7.72164  0.00543076
          97     7.72142  0.00537909
          98     7.72088  0.00535131
          99     7.72048  0.00531207
         100     7.72056  0.00525953
