   0.0461329           0           0
   0.0691993           0           0
   0.0922657           0           0
    0.115332           0           0
    0.138399           0           0
    0.161465           0           0
    0.184531           0           0
    0.207598           0           0
    0.230664           0           0
    0.253731           0           0
    0.276797           0           0
    0.299864           0           0
     0.32293           0           0
    0.345996           0           0
    0.369063           0           0
    0.392129           0           0
    0.415196           0           0
    0.438262           0           0
    0.461329           0           0
    0.484395           0           0
    0.507461           0           0
    0.530528           0           0
    0.553594           0           0
    0.576661           0           0
    0.599727           0           0
    0.622794           0           0
     0.64586           0           0
    0.668926           0           0
    0.691993           0           0
    0.715059           0           0
    0.738126           0           0
    0.761192           0           0
    0.784259           0           0
    0.807325           0           0
    0.830391           0           0
    0.853458           0           0
    0.876524           0           0
    0.899591           0           0
    0.922657 1.99642e-05 1.47459e-05
    0.945724  0.00307388 0.000257193
     0.96879   0.0461396  0.00105762
    0.991856    0.283598  0.00190621
     1.01492    0.953499  0.00363457
     1.03799     2.08467  0.00657737
     1.06106      3.3182  0.00786153
     1.08412      4.2122  0.00862751
     1.10719     4.44531  0.00896554
     1.13026     4.08178  0.00758631
     1.15332     3.35203  0.00817174
     1.17639     2.48516  0.00714358
     1.19945     1.69692  0.00524499
     1.22252     1.06836  0.00442373
     1.24559    0.621987  0.00311878
     1.26865    0.335251   0.0026905
     1.29172    0.173116  0.00223461
     1.31479   0.0839151  0.00138854
     1.33785   0.0471555  0.00113746
     1.36092   0.0429506  0.00118382
     1.38399    0.060939  0.00137509
     1.40705    0.106241  0.00177925
     1.43012    0.179168  0.00212793
     1.45319    0.290779  0.00237682
     1.47625    0.431231   0.0026975
     1.49932    0.588175  0.00229379
     1.52238    0.743951  0.00341056
     1.54545    0.858955  0.00448719
     1.56852    0.901535  0.00430701
     1.59158    0.861347  0.00392325
     1.61465    0.756477  0.00293733
     1.63772    0.605024  0.00220008
     1.66078    0.440003  0.00201759
     1.68385    0.304588  0.00200418
     1.70692     0.21634  0.00203246
     1.72998    0.193627  0.00212648
     1.75305    0.254123  0.00235746
     1.77612    0.423575  0.00302755
     1.79918    0.726897   0.0037015
     1.82225      1.1492  0.00337139
     1.84531     1.64429  0.00400076
     1.86838     2.12047  0.00429944
     1.89145      2.4484  0.00560963
     1.91451     2.55537  0.00653315
     1.93758     2.41411  0.00496699
     1.96065     2.06489  0.00458677
     1.98371      1.6068  0.00322459
     2.00678     1.15417  0.00274381
     2.02985    0.780732   0.0028348
     2.05291    0.537883  0.00286379
     2.07598    0.430961   0.0030071
     2.09905    0.456938  0.00237482
     2.12211    0.569969  0.00215076
     2.14518    0.726078  0.00182544
     2.16824    0.866937  0.00217203
     2.19131    0.952799  0.00250656
     2.21438    0.954695  0.00292706
     2.23744    0.882187  0.00232351
     2.26051     0.75989  0.00206398
     2.28358     0.63988  0.00217126
     2.30664    0.559715  0.00297722
     2.32971    0.563569  0.00339527
