           1    -7.52177           0
           2    -7.52407  0.00162734
           3    -7.52538  0.00152286
           4    -7.52517  0.00115572
           5    -7.52386  0.00149872
           6     -7.5237  0.00125712
           7     -7.5236  0.00108123
           8    -7.52283  0.00119026
           9    -7.52268  0.00106788
          10    -7.52371  0.00137396
          11    -7.52366     0.00125
          12    -7.52391  0.00116958
          13    -7.52406  0.00109031
          14     -7.5242  0.00102079
          15    -7.52441 0.000974778
          16    -7.52421 0.000935464
          17    -7.52453 0.000935738
          18     -7.5248 0.000921282
          19    -7.52458 0.000898486
          20    -7.52486 0.000895957
          21    -7.52417  0.00108701
          22    -7.52455   0.0011007
          23    -7.52374  0.00131577
          24    -7.52384  0.00126453
          25    -7.52383    0.001214
          26    -7.52409  0.00119524
          27    -7.52403  0.00115218
          28    -7.52427   0.0011354
          29    -7.52443   0.0011074
          30    -7.52453  0.00107467
          31    -7.52435  0.00105488
          32    -7.52416  0.00103921
          33    -7.52425  0.00101178
          34    -7.52415 0.000987397
          35    -7.52429 0.000969672
          36    -7.52402 0.000980347
          37    -7.52402 0.000953885
          38      -7.524 0.000929011
          39    -7.52407 0.000907275
          40    -7.52394  0.00089348
          41    -7.52397 0.000872337
          42    -7.52394 0.000852048
          43    -7.52411 0.000848633
          44    -7.52427 0.000843056
          45    -7.52408 0.000845158
          46    -7.52414 0.000829108
          47    -7.52419 0.000813044
          48    -7.52445 0.000835761
          49    -7.52441 0.000819703
          50    -7.52427 0.000815306
          51     -7.5243 0.000800151
          52    -7.52456 0.000823784
          53    -7.52469 0.000818626
          54    -7.52462 0.000806526
          55    -7.52459 0.000792228
          56    -7.52464 0.000779397
          57    -7.52459 0.000767044
          58    -7.52458 0.000753875
          59    -7.52451 0.000745083
          60    -7.52456 0.000734571
          61    -7.52445 0.000731025
          62    -7.52434 0.000727277
          63    -7.52444 0.000722722
          64     -7.5243 0.000724132
          65    -7.52434 0.000713725
          66    -7.52442 0.000707557
          67    -7.52426 0.000714491
          68    -7.52421 0.000705618
          69    -7.52426 0.000697362
          70    -7.52421  0.00068912
          71    -7.52426 0.000681267
          72    -7.52423 0.000672611
          73    -7.52415 0.000668458
          74    -7.52413 0.000659709
          75    -7.52396 0.000672789
          76      -7.524 0.000665041
          77    -7.52409 0.000662306
          78    -7.52403 0.000655911
          79    -7.52409 0.000650544
          80    -7.52404 0.000644826
          81    -7.52413 0.000642908
          82    -7.52397 0.000653211
          83    -7.52409 0.000655031
          84    -7.52398 0.000655487
          85    -7.52393 0.000650126
          86      -7.524 0.000646703
          87    -7.52393 0.000643257
          88    -7.52389 0.000636885
          89    -7.52387 0.000629991
          90    -7.52397 0.000630603
          91    -7.52396 0.000623776
          92    -7.52381 0.000634024
          93    -7.52382 0.000627217
          94     -7.5237 0.000631233
          95    -7.52377 0.000627845
          96    -7.52375 0.000621575
          97    -7.52376 0.000615212
          98    -7.52376  0.00060894
          99    -7.52374 0.000602977
         100    -7.52379 0.000598666
