33.8938
34.7511
34.2945
33.1626
31.7131
27.3132
27.3132
27.6007
25.4096
26.6438
25.0556
22.0222
23.356
23.356
21.7052
21.7052
21.7052
18.8172
18.8172
17.5411
18.5436
17.2963
17.3664
17.959
17.959
18.2476
18.2476
17.2333
17.4088
14.1774
17.7594
12.0948
15.3852
11.7382
15.0765
12.8097
12.477
12.477
12.0544
10.9375
10.2904
11.4547
11.2338
9.83312
10.2191
10.8128
10.2653
11.3333
10.4747
10.5299
9.94973
9.38245
8.61456
8.61456
9.04711
8.17049
8.20637
7.78126
6.873
7.04805
6.24949
6.13232
5.46042
5.75513
5.32897
5.18083
4.95627
3.98296
3.86151
4.20722
3.89067
3.89291
3.67667
3.56338
3.50359
3.48468
3.3589
3.36812
3.34635
3.33655
3.27721
3.231
3.20087
3.19566
3.19566
3.19566
3.19566
3.19566
3.18637
3.19009
3.18637
3.18637
3.18637
3.18637
3.18637
3.18637
3.18637
3.18637
3.18637
3.18637
3.18637
3.18637
3.18637
3.18637
3.18637
3.18637
3.18637
3.18637
3.18637
3.18637
3.18637
3.18637
3.18637
3.18637
3.18637
3.18637
3.18637
3.18637
3.18637
3.18637
3.18637
3.18637
3.18637
3.18637
3.18637
3.18637
3.18637
3.18637
3.18637
3.18637
3.18637
3.18637
3.18637
3.18637
3.18637
3.18637
3.18637
3.18637
3.18637
3.18637
3.18637
3.18637
3.18637
3.18637
3.18637
3.18637
3.18637
3.18637
3.18637
3.18637
3.18637
3.18637
3.18637
3.18637
3.18637
3.18637
3.18637
3.18637
3.18637
3.18637
3.18637
3.18637
3.18637
3.18637
3.18637
3.18637
3.18637
3.18637
3.18637
3.18637
3.18637
3.18637
3.18637
3.18637
3.18637
3.18637
3.18637
3.18637
3.18637
3.18637
3.18637
3.18637
3.18637
3.18637
3.18637
3.18637
3.18637
3.18637
3.18637
3.18637
3.18637
3.18637
3.18637
3.18637
3.18637
3.18637
3.18637
3.18637
3.18637
3.18637
3.18637
3.18637
3.18637
3.18637
3.18637
3.18637
3.18637
3.18637
3.18637
3.18637
3.18637
3.18637
3.18637
3.18637
3.18637
3.18637
3.18637
3.18637
3.18637
3.18637
3.18637
3.18637
3.18637
3.18637
3.18637
3.18637
3.18637
3.18637
3.18637
3.18637
3.18637
3.18637
3.18637
3.18637
3.18637
3.18637
3.18637
3.18637
3.18637
3.18637
3.18637
3.18637
3.18637
3.18637
3.18637
3.18637
3.18637
3.18637
3.18637
3.18637
3.18637
3.18637
3.18637
3.18637
3.18637
3.18637
3.18637
3.18637
3.18637
3.18637
3.18637
3.18637
3.18637
3.18637
3.18637
3.18637
3.18637
3.18637
3.18637
3.18637
3.18637
3.18637
3.18637
3.18637
3.18637
3.18637
3.18637
3.18637
3.18637
3.18637
3.18637
3.18637
3.18637
3.18637
3.18637
3.18637
3.18637
3.18637
3.18637
3.18637
3.18637
3.18637
3.18637
3.18637
3.18637
3.18637
3.18637
3.18637
3.18637
3.18637
3.18637
3.18637
3.18637
3.18637
3.18637
3.18637
3.18637
3.18637
3.18637
3.18637
3.18637
3.18637
3.18637
3.18637
3.18637
3.18637
3.18637
3.18637
3.18637
3.18637
3.18637
3.18637
3.18637
3.18637
3.18637
3.18637
3.18637
3.18637
3.18637
3.18637
3.18637
3.18637
3.18637
3.18637
3.18637
3.18637
3.18637
3.18637
3.18637
3.18637
3.18637
3.18637
3.18637
3.18637
3.18637
3.18637
3.18637
3.18637
3.18637
3.18637
3.18637
3.18637
3.18637
3.18637
3.18637
3.18637
3.18637
3.18637
3.18637
3.18637
3.18637
3.18637
3.18637
3.18637
3.18637
3.18637
3.18637
3.18637
3.18637
3.18637
3.18637
3.18637
3.18637
3.18637
3.18637
3.18637
3.18637
3.18637
3.18637
3.18637
3.18637
3.18637
3.18637
3.18637
3.18637
3.18637
3.18637
3.18637
3.18637
3.18637
3.18637
3.18637
3.18637
3.18637
3.18637
3.18637
3.18637
3.18637
3.18637
3.18637
3.18637
3.18637
3.18637
3.18637
3.18637
3.18637
3.18637
3.18637
3.18637
3.18637
3.18637
3.18637
3.18637
3.18637
3.18637
3.18637
3.18637
3.18637
3.18637
3.18637
3.18637
3.18637
3.18637
3.18637
3.18637
3.18637
3.18637
3.18637
3.18637
3.18637
3.18637
3.18637
3.18637
3.18637
3.18637
3.18637
3.18637
3.18637
3.18637
3.18637
3.18637
3.18637
3.18637
3.18637
3.18637
3.18637
3.18637
3.18637
3.18637
3.18637
3.18637
3.18637
3.18637
3.18637
3.18637
3.18637
3.18637
3.18637
3.18637
3.18637
3.18637
3.18637
3.18637
3.18637
3.18637
3.18637
3.18637
3.18637
3.18637
3.18637
3.18637
3.18637
3.18637
3.18637
3.18637
3.18637
3.18637
3.18637
3.18637
3.18637
3.18637
3.18637
3.18637
3.18637
3.18637
3.18637
3.18637
3.18637
3.18637
3.18637
3.18637
3.18637
3.18637
3.18637
3.18637
3.18637
3.18637
3.18637
3.18637
3.18637
3.18637
3.18637
3.18637
3.18637
3.18637
3.18637
3.18637
3.18637
3.18637
3.18637
3.18637
3.18637
3.18637
3.18637
3.18637
3.18637
3.18637
3.18637
3.18637
3.18637
3.18637
3.18637
3.18637
3.18637
3.18637
3.18637
3.18637
3.18637
3.18637
3.18637
3.18637
3.18637
3.18637
3.18637
3.18637
3.18637
3.18637
3.18637
3.18637
3.18637
3.18637
3.18637
3.18637
3.18637
3.18637
3.18637
3.18637
3.18637
3.18637
3.18637
3.18637
3.18637
3.18637
3.18637
3.18637
3.18637
3.18637
3.18637
3.18637
3.18637
3.18637
3.18637
3.18637
3.18637
3.18637
3.18637
3.18637
3.18637
3.18637
3.18637
3.18637
3.18637
3.18637
3.18637
3.18637
3.18637
3.18637
3.18637
3.18637
3.18637
3.18637
3.18637
3.18637
3.18637
3.18637
3.18637
3.18637
3.18637
3.18637
3.18637
3.18637
3.18637
3.18637
3.18637
3.18637
3.18637
3.18637
3.18637
3.18637
3.18637
3.18637
3.18637
3.18637
3.18637
3.18637
3.18637
3.18637
3.18637
3.18637
3.18637
3.18637
3.18637
3.18637
3.18637
3.18637
3.18637
3.18637
3.18637
3.18637
3.18637
3.18637
3.18637
3.18637
3.18637
3.18637
3.18637
3.18637
3.18637
3.18637
3.18637
3.18637
3.18637
3.18637
3.18637
3.18637
3.18637
3.18637
3.18637
3.18637
3.18637
3.18637
3.18637
3.18637
3.18637
3.18637
3.18637
3.18637
3.18637
3.18637
3.18637
3.18637
3.18637
3.18637
3.18637
3.18637
3.18637
3.18637
3.18637
3.18637
3.18637
3.18637
3.18637
3.18637
3.18637
3.18637
3.18637
3.18637
3.18637
3.18637
3.18637
3.18637
3.18637
3.18637
3.18637
3.18637
3.18637
3.18637
3.18637
3.18637
3.18637
3.18637
3.18637
3.18637
3.18637
3.18637
3.18637
3.18637
3.18637
3.18637
3.18637
3.18637
3.18637
3.18637
3.18637
3.18637
3.18637
3.18637
3.18637
3.18637
3.18637
3.18637
3.18637
3.18637
3.18637
3.18637
3.18637
3.18637
3.18637
3.18637
3.18637
3.18637
3.18637
3.18637
3.18637
3.18637
3.18637
3.18637
3.18637
3.18637
3.18637
3.18637
3.18637
3.18637
3.18637
3.18637
3.18637
3.18637
3.18637
3.18637
3.18637
3.18637
3.18637
3.18637
3.18637
3.18637
3.18637
3.18637
3.18637
3.18637
3.18637
3.18637
3.18637
3.18637
3.18637
3.18637
3.18637
3.18637
3.18637
3.18637
3.18637
3.18637
3.18637
3.18637
3.18637
3.18637
3.18637
3.18637
3.18637
3.18637
3.18637
3.18637
3.18637
3.18637
3.18637
3.18637
3.18637
3.18637
3.18637
3.18637
3.18637
3.18637
3.18637
3.18637
3.18637
3.18637
3.18637
3.18637
3.18637
3.18637
3.18637
3.18637
3.18637
3.18637
3.18637
3.18637
3.18637
3.18637
3.18637
3.18637
3.18637
3.18637
3.18637
3.18637
3.18637
3.18637
3.18637
3.18637
3.18637
3.18637
3.18637
3.18637
3.18637
3.18637
3.18637
3.18637
3.18637
3.18637
3.18637
3.18637
3.18637
3.18637
3.18637
3.18637
3.18637
3.18637
3.18637
3.18637
3.18637
3.18637
3.18637
3.18637
3.18637
3.18637
3.18637
3.18637
3.18637
3.18637
3.18637
3.18637
3.18637
3.18637
3.18637
3.18637
3.18637
3.18637
3.18637
3.18637
3.18637
3.18637
3.18637
3.18637
3.18637
3.18637
3.18637
3.18637
3.18637
3.18637
3.18637
3.18637
3.18637
3.18637
3.18637
3.18637
3.18637
3.18637
3.18637
3.18637
3.18637
3.18637
3.18637
3.18637
3.18637
3.18637
3.18637
3.18637
3.18637
3.18637
3.18637
3.18637
3.18637
3.18637
3.18637
3.18637
3.18637
3.18637
3.18637
3.18637
3.18637
3.18637
3.18637
3.18637
3.18637
3.18637
3.18637
3.18637
3.18637
3.18637
3.18637
3.18637
3.18637
3.18637
3.18637
3.18637
3.18637
3.18637
3.18637
3.18637
3.18637
3.18637
3.18637
3.18637
3.18637
3.18637
3.18637
3.18637
3.18637
3.18637
3.18637
3.18637
3.18637
3.18637
3.18637
3.18637
3.18637
3.18637
3.18637
3.18637
3.18637
3.18637
3.18637
3.18637
3.18637
3.18637
3.18637
3.18637
3.18637
3.18637
3.18637
3.18637
3.18637
3.18637
3.18637
3.18637
3.18637
3.18637
3.18637
3.18637
3.18637
3.18637
3.18637
3.18637
3.18637
3.18637
3.18637
3.18637
3.18637
3.18637
3.18637
3.18637
3.18637
3.18637
3.18637
3.18637
3.18637
3.18637
3.18637
3.18637
3.18637
3.18637
3.18637
3.18637
3.18637
3.18637
3.18637
3.18637
3.18637
3.18637
3.18637
3.18637
3.18637
3.18637
3.18637
3.18637
3.18637
3.18637
3.18637
3.18637
3.18637
3.18637
3.18637
3.18637
3.18637
3.18637
3.18637
3.18637
3.18637
3.18637
3.18637
3.18637
3.18637
3.18637
3.18637
3.18637
3.18637
3.18637
3.18637
3.18637
3.18637
3.18637
3.18637
