6.69749
5.88055
5.77818
5.36879
5.22745
5.23813
5.23813
4.89163
3.87249
4.37047
4.63235
4.46718
4.38849
4.01513
4.05151
3.89924
3.89924
3.93948
3.93948
3.93402
3.93948
3.62639
3.59898
3.59898
3.59898
3.59898
3.50969
3.59898
3.62079
3.5221
3.28918
3.16358
3.39028
3.32
3.26935
2.88648
3.13675
3.13675
2.62605
2.57161
2.57161
3.14937
3.08645
3.12708
3.03007
2.81817
2.70587
2.73954
2.85024
2.72316
2.7627
2.44098
2.42888
2.42888
1.95504
2.20312
2.2608
2.15445
1.99086
1.83307
1.98849
1.8488
1.61462
1.81877
1.72722
1.61994
1.61994
1.71648
1.58354
1.64167
1.68543
1.54944
1.3975
1.271
1.39959
1.36227
1.30377
1.18905
1.21789
1.17995
1.18081
1.09337
1.09337
1.08701
1.03446
1.03446
1.03109
1.03109
1.02844
1.02902
1.02902
1.02844
1.0226
1.0226
1.0192
1.01714
1.01714
1.01714
1.01714
1.01714
1.01714
1.01714
1.01714
1.01714
1.01714
1.01714
1.01714
1.01714
1.01714
1.01714
1.01714
1.01714
1.01714
1.01714
1.01714
1.01714
1.01714
1.01714
1.01714
1.01714
1.01714
1.01714
1.01714
1.01714
1.01714
1.01714
1.01714
1.01714
1.01714
1.01714
1.01714
1.01714
1.01714
1.01714
1.01714
1.01714
1.01714
1.01714
1.01714
1.01714
1.01714
1.01714
1.01714
1.01714
1.01714
1.01714
1.01714
1.01714
1.01714
1.01714
1.01714
1.01714
1.01714
1.01714
1.01714
1.01714
1.01714
1.01714
1.01714
1.01714
1.01714
1.01714
1.01714
1.01714
1.01714
1.01714
1.01714
1.01714
1.01714
1.01714
1.01714
1.01714
1.01714
1.01714
1.01714
1.01714
0.976164
1.01714
1.01714
1.01714
1.01714
1.01714
1.01714
1.01714
1.01714
1.01714
1.01714
1.01714
1.01714
1.01714
1.01714
1.01714
1.01714
1.01714
1.01714
1.01714
1.01714
1.01714
1.01714
1.01714
1.01714
1.01714
1.01714
1.01714
1.01714
1.01714
1.01714
1.01714
1.01714
1.01714
1.01714
1.01714
1.01714
1.01714
1.01714
1.01714
1.01714
1.01714
1.01714
1.01714
1.01714
1.01714
1.01714
1.01714
1.01714
1.01714
1.01714
1.01714
1.01714
1.01714
1.01714
1.01714
1.01714
1.01714
1.01714
1.01714
1.01714
1.01714
1.01714
1.01714
1.01714
1.01714
1.01714
1.01714
1.01714
1.01714
1.01714
1.01714
1.01714
1.01714
1.01714
1.01714
1.01714
1.01714
1.01714
1.01714
1.01714
1.01714
1.01714
1.01714
1.01714
1.01714
1.01714
1.01714
1.01714
1.01714
1.01714
1.01714
1.01714
1.01714
1.01714
1.01714
1.01714
1.01714
1.01714
1.01714
1.01714
1.01714
1.01714
1.01714
1.01714
1.01714
1.01714
1.01714
1.01714
1.01714
1.01714
1.01714
1.01714
1.01714
1.01714
1.01714
1.01714
1.01714
1.01714
1.01714
1.01714
1.01714
1.01714
1.01714
1.01714
1.01714
1.01714
1.01714
1.01714
1.01714
1.01714
1.01714
1.01714
1.01714
1.01714
1.01714
1.01714
1.01714
1.01714
1.01714
1.01714
1.01714
1.01714
1.01714
1.01714
1.01714
1.01714
1.01714
1.01714
1.01714
1.01714
1.01714
1.01714
1.01714
1.01714
1.01714
1.01714
1.01714
1.01714
1.01714
1.01714
1.01714
1.01714
1.01714
1.01714
1.01714
1.01714
1.01714
1.01714
1.01714
1.01714
1.01714
1.01714
1.01714
1.01714
1.01714
1.01714
1.01714
1.01714
1.01714
1.01714
1.01714
1.01714
1.01714
1.01714
1.01714
1.01714
1.01714
1.01714
1.01714
1.01714
1.01714
1.01714
1.01714
1.01714
1.01714
1.01714
1.01714
1.01714
1.01714
1.01714
1.01714
1.01714
1.01714
1.01714
1.01714
1.01714
1.01714
1.01714
1.01714
1.01714
1.01714
1.01714
1.01714
1.01714
1.01714
1.01714
1.01714
1.01714
1.01714
1.01714
1.01714
1.01714
1.01714
1.01714
1.01714
1.01714
1.01714
1.01714
1.01714
1.01714
1.01714
1.04843
1.01714
1.01714
1.01714
1.01714
1.01714
1.01714
1.01714
1.01714
1.01714
1.01714
1.01714
1.01714
1.01714
1.01714
1.01714
1.01714
1.01714
1.01714
1.01714
1.01714
1.01714
1.01714
1.01714
1.01714
1.01714
1.01714
1.01714
1.01714
1.01714
1.01714
1.01714
1.01714
1.01714
1.01714
1.01714
1.01714
1.01714
1.01714
1.01714
1.01714
1.01714
1.01714
1.01714
1.01714
1.01714
1.01714
1.01714
1.01714
1.01714
1.01714
1.01714
1.01714
1.01714
1.01714
1.01714
1.01714
1.01714
1.01714
1.01714
1.01714
1.01714
1.01714
1.01714
1.01714
1.01714
1.01714
1.01714
1.01714
1.01714
1.01714
1.01714
1.01714
1.01714
1.01714
1.01714
1.01714
1.01714
1.01714
1.01714
1.01714
1.01714
1.01714
1.01714
1.01714
1.01714
1.01714
1.01714
1.01714
1.01714
1.01714
1.01714
1.01714
1.01714
1.01714
1.01714
1.01714
1.01714
1.01714
1.01714
1.01714
1.01714
1.01714
1.01714
1.01714
1.01714
1.01714
1.01714
1.01714
1.01714
1.01714
1.01714
1.01714
1.01714
1.01714
1.01714
1.01714
1.01714
1.01714
1.01714
1.01714
1.01714
1.01714
1.01714
1.01714
1.01714
1.01714
1.01714
1.01714
1.01714
1.01714
1.01714
1.01714
1.01714
1.01714
1.01714
1.01714
1.01714
1.01714
1.01714
1.01714
1.01714
1.01714
1.01714
1.01714
1.01714
1.01714
1.01714
1.01714
1.01714
1.01714
1.01714
1.01714
1.01714
1.01714
1.01714
1.01714
1.01714
1.01714
1.01714
1.01714
1.01714
1.01714
1.01714
1.01714
1.01714
1.01714
1.01714
1.01714
1.01714
1.01714
1.01714
1.01714
1.01714
1.01714
1.01714
1.01714
1.01714
1.01714
1.01714
1.01714
1.01714
1.01714
1.01714
1.01714
1.01714
1.01714
1.01714
1.01714
1.01714
1.01714
1.01714
1.01714
1.01714
1.01714
1.01714
1.01714
1.01714
1.01714
1.01714
1.01714
1.01714
1.01714
1.01714
1.01714
1.01714
1.01714
1.01714
1.01714
1.01714
1.01714
1.01714
1.01714
1.01714
1.01714
1.01714
1.01714
1.01714
1.01714
1.01714
1.01714
1.01714
1.01714
1.01714
1.01714
1.01714
1.01714
1.01714
1.01714
1.01714
1.01714
1.01714
1.01714
1.01714
1.01714
1.01714
1.01714
1.01714
1.01714
1.01714
1.01714
1.01714
1.01714
1.01714
1.01714
1.01714
1.01714
1.01714
1.01714
1.01714
1.01714
1.01714
1.01714
1.01714
1.01714
1.01714
1.01714
1.01714
1.01714
1.01714
1.01714
1.01714
1.01714
1.01714
1.01714
1.01714
1.01714
1.01714
1.01714
1.01714
1.01714
1.01714
1.01714
1.01714
1.01714
1.01714
1.01714
1.01714
1.01714
1.01714
1.01714
1.01714
1.01714
1.01714
1.01714
1.01714
1.01714
1.01714
1.01714
1.01714
1.01714
1.01714
1.01714
1.01714
1.01714
1.01714
1.01714
1.01714
1.01714
1.01714
1.01714
1.01714
1.01714
1.01714
1.01714
1.01714
1.01714
1.01714
1.01714
1.01714
1.01714
1.01714
1.01714
1.01714
1.01714
1.01714
1.01714
1.01714
1.01714
1.01714
1.01714
1.01714
1.01714
1.01714
1.01714
1.01714
1.01714
1.01714
1.01714
1.01714
1.01714
1.01714
1.01714
1.01714
1.01714
1.01714
1.01714
1.01714
1.01714
1.01714
1.01714
1.01714
1.01714
1.01714
1.01714
1.01714
1.01714
1.01714
1.01714
1.01714
1.01714
1.01714
1.01714
1.01714
1.01714
1.01714
1.01714
1.01714
1.01714
1.01714
1.01714
1.01714
1.01714
1.01714
1.01714
1.01714
1.01714
1.01714
1.01714
1.01714
1.01714
1.01714
1.01714
1.01714
1.01714
1.01714
1.01714
1.01714
1.01714
1.01714
1.01714
1.01714
1.01714
1.01714
1.01714
1.01714
1.01714
1.01714
1.01714
1.01714
1.01714
1.01714
1.01714
1.01714
1.01714
1.01714
1.01714
1.01714
1.01714
1.01714
1.01714
1.01714
1.01714
1.01714
1.01714
1.01714
1.01714
1.01714
1.01714
1.01714
1.01714
1.01714
1.01714
1.01714
1.01714
1.01714
1.01714
1.01714
1.01714
1.01714
1.01714
1.01714
1.01714
1.01714
1.01714
1.01714
1.01714
1.01714
1.01714
1.01714
1.01714
1.01714
1.01714
1.01714
1.01714
1.01714
1.01714
1.01714
1.01714
1.01714
1.01714
1.01714
1.01714
1.01714
1.01714
1.01714
1.01714
1.01714
1.01714
1.01714
1.01714
1.01714
1.01714
1.01714
1.01714
1.01714
1.01714
1.01714
1.01714
1.01714
1.01714
1.01714
1.01714
1.01714
1.01714
1.01714
1.01714
1.01714
1.01714
1.01714
1.01714
1.01714
1.01714
1.01714
1.01714
1.01714
1.01714
1.01714
1.01714
1.01714
1.01714
1.01714
1.01714
1.01714
1.01714
1.01714
1.01714
1.01714
1.01714
1.01714
1.01714
1.01714
1.01714
1.01714
1.01714
1.01714
1.01714
1.01714
1.01714
1.01714
1.01714
1.01714
1.01714
1.01714
1.01714
1.01714
1.01714
1.01714
1.01714
1.01714
1.01714
1.01714
1.01714
1.01714
1.01714
1.01714
1.01714
1.01714
1.01714
1.01714
1.01714
1.01714
1.01714
1.01714
1.01714
1.01714
1.01714
1.01714
1.01714
1.01714
1.01714
1.01714
1.01714
1.01714
1.01714
1.01714
1.01714
1.01714
1.01714
1.01714
1.01714
1.01714
1.01714
1.01714
1.01714
1.01714
1.01714
1.01714
1.01714
1.01714
1.01714
1.01714
1.01714
1.01714
1.01714
1.01714
1.01714
1.01714
1.01714
1.01714
1.01714
1.01714
1.01714
1.01714
1.01714
1.01714
1.01714
1.01714
1.01714
1.01714
1.01714
1.01714
1.01714
1.01714
1.01714
1.01714
1.01714
1.01714
1.01714
1.01714
1.01714
1.01714
1.01714
1.01714
1.01714
1.01714
1.01714
1.01714
1.01714
1.01714
1.01714
1.01714
