6.15837
7.19541
6.80924
5.99553
7.01162
6.69937
7.17242
6.271
6.32832
6.97803
7.05335
7.03627
6.54584
7.14536
6.95691
7.26813
7.04269
7.10955
6.96132
5.95427
6.54419
5.28197
7.10695
7.73861
6.43342
7.14674
6.27128
6.54548
6.72065
7.064
7.08963
5.69765
6.42693
6.7182
6.27461
6.07514
7.2682
7.21086
6.17913
6.75903
5.90651
6.07542
6.57922
6.60218
6.25705
7.00117
7.02336
5.53323
6.46015
6.19611
6.05537
7.014
7.34676
6.97666
5.20312
6.29183
6.12588
6.94358
6.42629
6.36947
6.16786
6.12159
6.68067
5.9249
6.94083
6.58837
6.6581
6.36657
5.34368
6.04424
6.98215
4.77296
7.13532
7.57595
5.87033
6.51591
6.97973
6.11575
5.91283
7.22657
6.7423
6.02808
6.54769
6.15836
6.50258
6.40888
6.73741
6.05678
6.51441
6.34587
5.72622
6.68283
6.02286
6.70068
5.93971
6.83412
6.8169
7.33101
6.09596
5.46334
6.25041
6.07736
5.90161
6.00277
6.00737
6.3657
6.13138
6.18649
6.31752
6.24867
5.56401
6.01306
5.90507
5.6058
6.74018
5.67388
5.32784
6.49161
5.67724
6.10089
6.07441
6.09662
6.48515
5.97513
5.94272
6.82594
6.1285
5.80496
6.51425
5.71274
5.97042
5.52323
6.07048
6.21942
5.82691
5.86998
6.43317
6.71382
5.70608
4.49502
5.61169
6.70391
6.05409
5.83415
6.11897
6.6165
5.29933
6.38329
6.41502
5.69004
5.62447
5.3327
6.26792
5.32301
6.61845
5.84557
6.07441
4.98378
5.37048
5.5106
6.5343
5.76616
5.96498
6.18049
6.30346
5.56511
5.83896
6.27036
5.93432
5.68363
6.18621
4.60719
5.26064
6.56307
6.17262
5.5789
5.53409
5.95725
5.96329
4.85672
6.06355
6.0976
6.30762
5.68638
4.65497
5.25748
5.8086
6.73144
6.01588
6.13673
6.76282
5.01902
4.92905
6.07124
5.68454
5.90972
5.17396
6.01576
5.0946
5.7737
5.75235
5.31635
5.86236
6.16056
5.79272
6.53622
6.17436
5.96832
5.40763
5.13238
6.06598
6.12274
5.65163
5.07567
5.54133
5.75162
6.19623
4.80438
5.50008
5.00795
5.31014
5.34694
6.34623
5.64102
5.87237
4.73591
5.78615
5.72607
5.73313
5.97367
5.63988
5.07127
5.00818
5.14354
5.48457
5.19836
4.74571
5.78569
5.64557
5.27989
5.89599
5.91338
5.74302
5.66509
5.15068
4.99916
5.2328
5.06467
5.2643
4.97552
5.33387
6.13978
5.06399
5.24739
5.11174
4.64714
5.60406
4.2908
5.53908
5.92464
5.57334
5.77448
6.06044
4.93556
3.87433
5.12451
5.83791
4.92586
4.43981
5.28969
5.36537
4.56289
4.64817
4.70842
5.91176
5.49155
5.08115
5.16916
4.34694
5.18356
5.31056
5.19966
4.99796
6.76758
5.41012
4.9584
6.22372
5.36471
5.69442
5.01595
5.41123
5.38143
5.41216
5.37065
5.11191
5.62152
5.70886
5.69575
5.55425
5.82273
5.45551
4.71281
4.90344
5.79241
5.39916
4.90244
4.87658
4.55847
5.04245
5.87506
4.83089
5.3178
5.43844
4.7053
4.61795
5.5549
5.86891
4.40251
4.9062
5.15963
4.69423
4.7665
4.14502
5.8185
5.59638
5.11812
5.23158
5.52851
5.03108
5.07974
4.91626
4.47002
5.31454
4.80382
4.54621
4.62314
4.93937
5.18299
4.48794
5.35169
5.00355
5.51486
5.15338
4.69891
4.24452
5.9223
4.82213
5.19268
5.44772
4.37586
5.05738
4.8889
5.22055
3.87175
5.36196
5.60948
5.11533
4.37923
5.12618
4.76155
4.63129
5.49173
4.7482
5.07719
5.5554
5.06255
5.08836
4.31585
4.84864
5.26842
5.15537
4.52224
5.33619
4.88637
5.30558
5.54707
5.3456
4.37363
5.07422
4.92821
5.32144
4.53005
5.15934
5.1711
4.7524
5.04509
4.73652
5.39907
4.26977
4.72212
5.63669
4.84357
4.68733
5.56711
5.27828
4.57602
5.66432
3.90515
3.99907
5.19173
4.03973
4.30478
4.57399
3.50827
5.5605
4.42469
4.53794
4.7521
4.70943
5.58652
4.33936
4.25437
5.24347
4.25639
2.9752
4.79683
5.62682
5.12148
4.61642
4.63071
4.15169
5.21966
4.9178
4.43209
4.92088
4.04964
4.97823
4.73105
4.40591
4.74162
4.6742
4.14851
4.57995
5.19719
4.805
4.00746
3.87966
4.69758
4.51939
4.52038
4.10039
3.96884
5.32118
4.78071
5.27065
4.95169
5.26072
4.30717
4.18037
4.67161
4.88182
4.0535
4.11259
4.00202
5.16335
4.62048
4.29326
5.12861
4.38881
5.25338
4.56635
4.44243
5.24492
4.42943
4.25064
4.57782
4.64179
4.9539
4.31005
4.68709
4.20499
4.49711
5.11426
4.3629
4.52887
4.12052
4.42511
4.53959
5.01451
4.83022
4.54224
4.01658
3.52018
4.40511
4.60598
4.66176
4.08137
3.85331
4.50534
4.92347
4.58564
4.48219
3.95246
4.13261
4.87986
4.59359
3.89235
4.46086
4.73289
3.997
4.26227
4.97539
3.66157
5.17968
4.78911
4.53072
4.57711
4.38132
4.8466
4.70298
3.81282
4.23576
4.41323
4.39817
4.05089
4.36028
3.7636
4.08874
4.46187
4.63045
3.85506
4.083
3.88359
3.65174
4.61471
4.52818
4.09235
4.07867
4.20253
4.59007
4.52281
3.89108
4.14614
3.7449
3.83747
4.22483
3.73925
4.52663
4.39802
4.86928
4.1139
4.08765
4.1159
4.58909
3.44039
4.02906
4.28593
4.66001
3.25038
3.91661
4.85111
3.87585
4.80126
4.09228
4.31397
4.37701
4.76833
3.99884
4.88604
4.61184
4.27619
3.78295
4.56619
3.68254
3.88955
4.20113
3.98683
3.99324
3.06396
4.1326
4.30692
4.49023
3.9786
4.91843
4.23424
4.05782
3.95914
4.5394
4.43068
4.76004
4.28633
3.75033
3.80094
3.79148
3.81287
4.35965
3.17188
3.88924
3.63574
3.83701
3.982
3.3893
4.26298
3.2905
3.77707
4.46429
3.68111
4.2423
3.82609
3.63005
3.86864
4.2441
4.08783
4.19428
4.50682
4.78581
4.32724
4.17726
4.57608
4.10565
3.8938
4.3525
4.26019
4.07502
3.75161
4.27213
4.38662
3.61796
3.88648
4.2473
3.94115
4.83471
4.74522
3.87112
3.72402
4.23077
3.86792
4.02412
4.49385
4.54455
4.16603
4.20262
3.92848
3.64155
3.16067
4.03315
3.76792
4.06951
3.94047
3.42686
3.61729
3.80635
3.66568
4.29506
3.51566
3.82088
3.74465
4.24424
4.11078
4.18977
3.87623
3.70371
4.21887
3.49884
2.73166
3.7931
3.89735
3.97538
3.26499
3.59361
3.88873
3.58469
3.28848
3.1359
3.83668
4.45093
2.95494
3.7549
3.65694
4.21379
3.9191
3.80027
4.42577
4.05797
3.9988
4.5731
4.17633
4.64883
4.1084
3.71367
3.94953
3.36402
3.5255
3.75954
4.00725
4.23032
3.73474
3.67887
3.41784
3.78946
2.47942
2.65859
3.19118
2.65975
3.91112
4.38814
3.0234
3.55903
5.01989
3.32966
3.13994
4.0122
4.15945
4.28094
3.59233
4.05115
4.10141
4.21611
3.96887
3.85625
3.90871
4.67991
3.55441
2.91243
3.73576
4.27208
3.65097
4.5507
3.82712
4.38359
3.75691
3.67761
3.51523
3.7023
3.98908
3.60725
3.70168
3.81376
3.17307
3.68269
4.07601
3.28974
3.60847
3.49394
3.37521
4.46453
4.08738
3.64055
3.7195
3.10557
2.76146
3.98061
3.90306
3.54377
3.54267
3.20316
3.67553
2.90038
3.12965
3.40845
3.64435
3.93954
3.50012
3.23568
3.23879
3.20685
4.08747
3.76723
3.89865
3.14166
3.60134
4.07392
3.06332
4.04424
3.86729
3.86576
4.3443
4.01864
2.97221
4.16169
2.8618
3.71519
2.98341
3.44677
3.38043
3.20549
3.42791
3.18382
3.16399
3.57638
3.75222
3.32011
3.40599
3.68173
3.19032
3.32022
3.11061
3.82514
3.58893
3.66352
3.44072
3.39118
4.2528
3.49999
3.19935
3.10736
3.85563
3.28075
3.5186
3.22173
3.88967
3.01326
3.05283
3.3896
3.42717
3.31392
3.41071
4.06246
3.11864
3.3293
4.04904
4.10885
3.8467
3.03581
3.02363
3.20579
3.62926
3.65405
3.4876
3.61684
2.70677
3.71719
3.80276
3.42955
4.20225
4.08184
3.40576
3.38093
3.71111
2.96355
3.69921
3.83889
3.63936
3.2851
3.39875
3.28825
3.22737
3.54903
3.43754
3.23069
2.98303
2.99731
3.52555
3.55867
2.78069
3.59148
2.75631
3.21527
3.42496
3.03572
3.75057
2.89149
3.46386
2.90286
4.49288
3.02554
2.73193
3.54565
4.708
3.543
3.27595
3.22301
3.44155
3.26178
2.71419
3.24412
3.09166
4.1733
3.17554
2.31554
3.5194
3.59186
3.78195
3.57687
3.87909
3.75883
3.53492
3.78197
3.00835
3.63092
2.88465
4.46817
2.62206
3.56501
3.43357
2.38103
2.9665
3.07211
3.81396
3.38592
3.1367
2.70292
3.71811
2.66404
2.81226
3.73624
3.78951
3.16444
3.40873
3.94056
2.98232
2.80907
3.4412
2.91604
3.62496
3.43867
3.90471
3.73509
3.83784
3.39227
3.1052
2.98644
2.86046
3.35636
3.44624
3.37075
3.62011
3.38196
2.97597
3.43442
3.48069
3.3763
3.27773
3.92332
2.53816
3.41894
3.10891
2.73432
3.00963
3.47746
2.66791
2.60391
2.34963
2.97492
2.61402
2.93922
3.14817
2.70724
3.04682
2.94419
3.18599
2.85545
2.94741
2.96116
3.53386
2.32468
2.90195
2.98226
3.39788
3.91033
3.20797
3.59714
2.43428
3.18888
3.69044
3.15697
3.42434
3.00993
3.31389
3.11936
3.26609
3.10563
3.11734
3.46717
2.88533
2.69017
3.24427
4.10995
3.12219
2.96736
2.46491
3.37528
2.90035
3.17982
3.43461
2.51267
2.92636
3.19843
3.27708
3.03338
2.69365
2.65766
3.51212
2.39523
3.52475
2.27049
2.79822
2.52086
2.66416
3.08943
3.65776
3.24801
3.36588
3.56569
3.11299
3.18671
3.12363
3.2143
3.66919
3.29943
2.75732
3.14498
3.08787
2.97045
3.53675
2.68507
3.00571
4.00092
2.32226
2.96112
3.50167
2.84796
2.4261
2.57494
3.26609
3.19566
2.53935
3.21101
3.08628
2.78886
2.78961
3.67015
3.09002
2.377
2.98172
3.476
2.82787
2.37812
3.02201
2.32694
2.99102
3.20247
2.87822
2.66768
2.70114
2.85041
2.49521
3.55254
3.13152
2.42742
3.1782
3.54882
2.97343
3.21794
2.81947
2.74639
2.87926
3.31713
3.31222
2.74818
2.6922
3.00576
3.09873
2.18291
2.91273
3.13312
2.64514
2.82702
3.50184
3.19454
2.71472
2.86625
2.58222
3.10426
3.38549
3.35483
2.93471
2.67538
3.10632
3.13139
2.93461
3.44093
3.01321
2.38614
2.95976
3.01578
3.16838
3.23996
3.38012
2.64161
2.99773
3.23756
3.16108
2.67912
2.70423
3.42537
3.29381
2.53513
3.06036
2.8522
3.45659
2.66305
2.59949
3.23423
2.87445
2.62565
2.47262
3.02474
2.88258
2.95438
3.10641
2.67108
3.24138
2.95774
2.54791
2.35906
2.46615
3.43412
2.52373
1.88279
2.80882
2.48092
2.57037
2.3971
2.37832
3.15471
3.34044
3.04714
2.81082
2.99909
3.09535
2.29008
2.84869
2.57333
3.39518
3.1051
3.07355
3.22556
2.6834
2.32161
3.24789
2.8745
3.32727
2.67608
3.1854
2.73705
2.66784
3.01496
3.64424
3.22335
3.66464
3.04737
2.70295
3.31973
2.55368
2.83443
2.70503
2.51879
3.51491
2.60428
3.20368
3.05018
3.06798
3.27742
3.41568
3.29929
2.72568
3.03579
2.84061
3.28937
3.28086
2.75529
3.27488
2.59872
2.47208
2.74414
2.75787
3.00246
2.61112
3.05229
2.83711
3.2532
3.39571
3.00918
2.65501
3.00134
3.20898
2.21249
2.22313
2.38212
2.03357
2.9581
2.68874
2.16546
2.57733
2.19537
2.52712
2.90739
2.23131
3.43168
3.05654
3.19509
2.65308
2.59625
2.8276
2.6211
2.86726
3.01026
2.85646
2.36045
1.73302
2.15572
2.61148
3.06826
3.17996
2.97034
3.53306
3.50085
3.17458
3.39347
2.52531
2.92743
2.77792
2.25081
3.13961
3.17178
3.01282
3.02019
2.82631
3.20649
2.86881
2.6356
2.72679
2.92273
2.7929
2.14517
2.79711
2.60108
3.07585
2.70361
2.60497
2.65373
3.19707
2.83277
2.78379
3.07942
2.76711
2.32398
2.36746
2.84087
3.21515
2.88685
2.97481
2.80673
2.95349
3.41357
2.38976
2.1683
2.25662
3.27514
2.8959
2.30065
3.02655
2.85816
2.97093
2.20879
2.32681
2.55045
2.7074
2.74878
3.10789
2.68657
2.00938
3.19604
2.99273
2.79153
2.41133
2.95577
2.48083
2.64401
2.41875
2.71506
2.87879
2.63713
2.92612
3.08766
3.0569
2.94633
3.28458
2.8763
2.47229
2.9438
3.57432
2.93766
2.47838
2.56367
2.4591
1.84677
2.26282
2.58161
1.84505
2.78313
2.29358
3.1087
2.50283
2.4233
2.31266
2.71579
2.5971
2.92935
3.06334
2.87376
2.18639
2.63129
3.25475
2.95945
2.77796
2.67586
2.64934
2.61368
1.99412
2.7873
2.21749
2.68755
2.61996
2.56526
2.68581
2.66033
2.66962
2.88761
2.85931
2.52815
2.93163
2.85441
2.69225
2.22096
2.36081
2.61482
2.37424
3.19836
2.31953
2.89599
2.68501
3.08332
2.82238
3.09181
2.40999
2.27999
2.50288
2.6891
2.60435
1.83978
2.12096
2.35636
2.19356
2.4826
1.73814
2.99278
2.69642
2.60997
2.67017
2.75175
2.83072
2.87311
3.20909
2.91822
2.59422
2.62813
2.27197
2.23152
2.75204
2.71057
2.60171
2.3724
2.79768
2.56366
2.77517
2.52783
2.72077
1.95157
2.36978
2.23661
2.82163
2.75213
2.62679
2.66396
2.10025
2.28387
2.43248
2.60558
2.83767
2.52537
3.18864
2.76954
2.74779
1.97172
2.88489
2.47766
2.19654
2.433
2.66482
3.29735
2.67874
3.32533
3.15374
2.30186
2.73196
2.19658
2.1694
2.76207
2.5235
2.57985
2.9934
2.43996
2.61371
2.36977
2.07496
2.473
2.31126
2.47336
2.26018
1.63241
2.48667
2.63007
2.73891
2.60301
2.4995
2.25017
2.10604
2.09757
2.31714
2.35856
3.04686
1.92341
1.89022
2.56641
2.63553
2.81182
2.26503
1.80878
2.32371
2.38345
2.60837
2.80782
2.75391
2.49914
1.88419
2.91434
2.86006
2.39885
2.22883
2.6885
2.02053
2.48439
2.52786
2.41076
2.98485
2.63271
2.59897
2.50529
2.59579
2.18755
2.65954
2.25234
2.03038
2.70896
2.39834
3.27213
3.05856
2.82891
1.9315
2.23067
2.97496
1.83054
2.10653
2.80065
2.20944
2.389
2.26345
2.61712
1.9594
1.87943
2.9253
1.8652
1.79154
2.02179
2.47025
2.62869
2.76319
2.71351
2.19126
1.91536
2.28246
2.70582
2.30523
1.89595
2.33315
2.58222
2.06136
2.32384
1.97545
2.33837
2.33498
2.69805
1.77302
2.12246
2.10881
1.90032
2.79455
2.83571
2.78621
2.52615
2.62285
1.97602
2.72882
2.399
3.02887
2.82898
2.61162
2.41247
3.11992
2.50653
2.54536
2.35451
1.78697
2.27144
2.17768
2.59502
2.76331
2.49931
2.40657
2.8468
2.22167
2.02516
1.96897
2.42373
2.49056
2.33751
2.30693
2.56483
2.39849
2.46883
1.88604
2.38267
2.64396
2.18786
1.96542
1.99337
2.44824
2.9971
2.05971
2.54128
2.53061
2.53086
2.48022
2.02846
2.14501
1.93487
2.74913
1.76103
1.87971
2.57974
3.04445
2.36524
2.8136
2.11144
2.21452
2.24701
2.55764
1.94063
2.29499
3.04429
2.70467
2.69702
3.00793
2.67112
2.3377
2.68463
2.36728
2.6061
2.73785
2.46383
2.40299
2.28593
2.79376
2.52509
2.48667
2.51049
2.85255
2.91362
2.89635
2.29012
2.50813
2.20537
1.76789
2.39357
2.2862
1.993
1.86044
2.38215
2.53952
2.14777
2.28446
2.26786
2.10774
2.07436
2.03155
2.38592
2.36775
2.52476
2.66411
2.53249
2.29533
2.2779
2.36017
3.1204
2.64909
2.27613
3.08801
2.54362
2.64864
2.51659
2.48188
2.84611
2.44168
2.8411
2.8411
2.35451
2.33477
1.70798
2.05812
2.24038
2.09177
2.52855
2.55536
2.71914
2.29438
2.67929
2.45551
2.0577
1.87288
2.17585
1.86615
2.6303
2.05898
2.38001
1.84835
2.13022
2.08666
1.68692
1.96698
2.11762
2.5368
2.04693
1.94214
2.02538
2.25575
1.99721
1.78718
2.28696
2.75651
2.5671
1.97831
2.05371
2.81181
2.42123
2.70441
1.9254
2.08658
1.95924
2.30507
2.66809
2.50933
2.56826
2.21904
2.6849
2.05202
2.11891
2.21446
2.27386
2.44526
1.60989
1.97318
2.71258
2.5822
2.26972
2.01877
2.23888
1.91644
2.26163
1.98313
2.18076
2.41258
2.37209
1.82137
1.81316
2.00816
2.35146
2.62968
1.92862
1.61561
1.85599
2.06427
1.82261
2.84008
2.30359
2.49292
2.51987
2.01861
2.24457
2.2588
2.61384
2.1859
1.61815
1.94183
2.30148
2.27227
2.06452
1.83594
1.975
2.06028
2.20228
2.23663
2.11982
2.10643
2.29705
2.6115
2.44426
2.41353
1.81084
1.76006
2.84575
2.68182
1.93968
2.19591
1.88096
1.90109
2.06135
2.43336
2.27948
2.16012
1.87407
2.16166
2.24361
2.19253
1.92507
2.59305
2.46705
2.46851
3.04371
2.38332
2.32665
2.42142
2.61017
2.57288
2.24959
2.18216
2.13983
1.71678
1.88222
2.61981
2.41905
2.54428
2.52301
2.14377
2.08418
2.08418
2.28831
2.29172
1.8808
2.18571
2.15301
2.57931
2.43401
2.12379
1.51535
1.93834
2.08051
2.13661
2.07989
2.2646
2.25888
2.4525
2.08113
1.85264
1.99148
2.08458
1.87117
2.31243
1.96368
1.91703
1.85123
1.76868
2.15182
2.39067
2.72647
2.39574
2.26748
2.87928
2.1258
2.38139
1.93726
2.03565
2.08737
2.19753
2.75691
2.14047
1.81524
2.34869
1.88854
1.74145
2.34178
2.32627
2.11644
1.979
2.18326
2.49364
2.09484
2.11669
1.79576
2.17365
1.74247
2.70481
2.15237
2.04927
2.18571
2.32269
2.11372
2.20229
2.10017
2.05445
1.80728
2.21674
2.21024
1.79581
2.269
2.276
2.44901
2.06247
1.92161
1.86801
1.80492
1.88277
2.03266
1.86248
2.19092
2.18104
2.03314
2.03938
1.94231
2.21198
2.13369
2.03981
1.86016
2.01923
2.07098
1.8652
2.54091
2.24432
2.24143
2.53956
1.80008
1.55197
2.12326
2.23601
2.58027
2.39348
2.69558
2.18898
1.83794
2.58389
2.66476
1.73037
1.74486
2.07761
2.39632
2.12642
2.00417
1.81967
1.92894
2.00219
1.94467
1.81652
1.8632
2.21547
1.65788
1.72828
1.93245
2.02346
2.08219
2.23853
2.11424
2.10041
2.05844
2.27845
2.62713
2.36181
2.17556
1.89859
2.11802
2.29204
2.27197
2.13334
2.05676
2.23715
2.40338
2.251
2.58249
1.94935
1.91475
1.97064
1.92076
2.1418
2.62196
2.40405
2.19359
1.87977
2.16637
1.96752
1.75471
2.16257
1.99877
1.99877
2.10184
2.36051
2.17746
1.69873
2.25589
2.46075
2.41866
2.49276
3.05972
2.7705
2.23215
2.13741
2.16394
2.13469
2.20644
2.11645
2.52076
2.27826
2.41648
2.35925
1.96713
1.97609
1.94428
2.09057
2.05819
2.2747
2.27046
2.11242
2.6527
2.23245
2.29823
1.99061
1.74162
2.03851
1.90383
1.84597
2.1584
1.83528
2.42878
2.08406
2.66081
1.87979
2.18493
1.81319
1.76575
1.92271
2.00988
2.36963
2.6773
2.47842
1.93226
1.79342
2.50166
2.18048
2.2199
2.13307
2.12515
1.93073
2.36982
1.93417
2.26731
2.28004
2.09718
1.62503
1.71385
1.84531
1.89743
2.10294
2.51977
2.42754
2.42103
2.23964
1.91162
1.70033
1.86696
2.32369
1.80174
1.76722
1.8332
2.46758
2.25309
2.30058
2.14764
2.37106
2.1436
2.08832
2.47029
2.01991
1.75396
1.76542
2.41408
1.79262
2.24862
1.84812
1.71983
2.24315
2.44493
1.78281
2.02475
2.06787
2.32081
1.6838
1.90491
2.05885
2.08555
1.94832
1.58267
2.01601
1.74338
2.34541
2.30786
2.08699
2.6294
2.35071
2.19541
1.83278
2.04777
1.85518
2.01928
1.86639
2.03085
2.38036
2.53587
2.02927
1.83139
1.94472
2.08583
2.25061
2.31804
2.15626
2.02126
1.83155
2.4798
2.27706
2.57219
2.0078
1.96016
1.92595
1.85334
1.88373
2.01576
2.14265
1.67546
1.77483
2.15707
2.1869
1.9809
2.26979
2.1744
2.18301
2.28647
1.89566
2.01365
2.17143
2.23866
1.94162
2.0347
1.94715
1.80062
2.29459
1.96401
2.16994
2.41112
2.55644
1.81724
1.79853
2.09266
1.91969
1.90495
1.83511
2.14201
1.88158
1.86512
2.07597
1.91811
1.91657
1.77396
2.72625
1.74873
1.40893
1.58343
2.07603
1.80098
1.72937
2.10092
2.16834
2.59062
1.64077
2.03763
2.62056
1.84862
1.8849
1.82045
1.78513
1.81296
1.69559
1.9389
2.15595
2.06941
1.96914
2.03924
1.97687
2.16683
2.09983
2.07662
2.18168
1.77911
1.89138
1.9003
1.7171
1.5875
2.0367
2.41292
2.48509
2.08805
2.29982
2.50354
2.52021
2.13601
2.47044
2.12464
1.92187
2.16568
2.54277
2.44738
2.35617
2.4793
2.24728
1.66187
1.66119
1.66044
1.74659
2.06867
2.22514
1.77624
1.85079
1.80801
1.64159
1.79332
1.82015
1.61663
1.43577
1.61114
1.64145
1.52729
1.40259
2.22404
2.09366
2.00391
2.00391
2.19303
1.76142
2.0842
2.27598
1.47772
1.96437
1.79727
1.82143
2.0012
1.82898
1.57512
1.46588
1.97402
1.95423
1.76443
2.08289
1.39979
1.62502
1.88491
1.78743
1.77749
2.36251
2.22213
2.03157
2.16203
2.37004
2.00023
2.15156
2.11324
1.9892
2.20723
1.97173
1.97346
2.17553
1.92851
2.03393
1.96487
1.89015
1.82118
1.6807
1.88415
2.25179
2.15653
2.04356
1.9298
1.90101
1.74468
1.61126
1.70042
1.83574
1.8713
1.69393
1.96297
2.29191
1.82464
1.90226
1.71477
1.85075
2.08351
2.23579
1.69555
1.66878
1.75774
1.69348
2.05387
1.95939
2.08767
1.61645
1.60737
1.86575
1.88601
1.76657
1.51316
1.90034
2.18532
2.12412
1.85946
1.92409
2.10461
1.7197
2.11183
1.85418
1.88733
2.04299
1.992
1.62114
1.6171
1.84909
1.62276
1.58956
1.60415
1.78192
1.40585
1.81514
1.89298
1.55997
1.7063
1.66546
1.43947
1.51785
1.6341
1.71014
1.91489
1.92252
1.85767
1.86655
1.91923
1.91574
2.03368
2.43999
1.77587
2.11815
1.65653
1.69625
1.83582
1.43141
1.60704
1.80168
1.76133
1.24475
1.59347
1.761
1.48579
1.79423
2.23294
1.48857
1.71617
2.05685
2.11484
2.3703
2.15836
1.55994
1.80715
2.33313
2.21299
2.09457
2.11849
2.2392
2.01108
2.29465
2.27577
2.18026
2.07581
2.35661
1.66813
1.71413
2.02853
2.09093
2.05925
1.85933
1.69418
1.74624
1.92499
1.84048
1.77643
1.81835
1.87109
1.74959
1.94738
1.68153
1.72012
2.20867
1.47505
1.47915
1.63447
1.44998
1.64966
2.21644
1.90326
1.55542
2.08742
2.08237
2.02844
1.97713
1.97744
1.95174
2.05157
1.88946
2.04004
1.97749
1.3942
1.42553
1.79173
2.28738
2.31739
1.66015
1.67763
1.4457
1.54358
1.57122
1.66472
1.68451
1.95611
1.83179
1.65761
1.52355
1.63971
1.97234
2.10765
1.79572
1.57282
1.55867
2.12629
1.79688
1.76534
1.58134
1.74203
1.65654
1.85522
1.96708
2.028
1.95233
1.83494
1.52707
1.86171
1.79385
2.07723
1.96378
2.60768
2.27515
2.12394
2.23923
2.25958
2.05419
1.92503
1.72942
2.0291
2.09245
2.0988
2.14363
2.16806
2.36711
1.50695
1.70882
2.25742
1.96643
1.85858
2.15247
1.90281
2.07655
1.95904
1.84374
1.79668
1.97624
1.95002
1.80336
2.1741
1.75149
2.27526
1.93186
1.84513
1.54445
1.58536
1.55121
1.8327
2.15035
1.93989
1.94185
1.90512
1.76719
2.17526
2.15955
1.67735
1.71292
1.99126
1.93875
1.73816
1.73816
1.74371
1.46011
1.65209
1.68789
1.90595
2.17966
1.7944
1.81544
1.84933
1.91397
1.95396
1.8952
1.85346
1.6962
2.27104
1.94304
1.78758
1.9924
1.99196
1.95098
2.02266
1.9071
2.0155
2.03616
2.02814
1.90827
1.66659
2.26631
1.9927
1.88205
1.89434
1.46067
2.07087
2.19454
2.03316
1.90561
1.89015
1.91798
2.01355
2.11879
1.98968
1.58289
1.84224
1.69984
1.82869
2.12771
1.7242
1.56966
2.08861
1.70734
2.2149
2.30953
1.85635
1.71683
1.64137
1.55395
1.89305
1.76811
1.48537
1.5792
1.67175
2.01926
2.06994
1.90112
1.92865
1.8933
1.72464
1.35145
2.00753
2.01619
1.82959
1.73917
1.87466
1.85257
2.14989
1.8893
1.89135
2.29695
1.85475
1.79766
1.98318
1.72021
2.05414
1.70774
1.44259
1.40478
1.60707
1.66394
1.62805
1.71192
1.73836
1.49854
1.599
1.82425
2.05358
1.80681
1.71527
1.44968
1.75639
1.90951
1.79731
1.55098
1.91369
1.69156
1.46916
1.59669
1.76628
1.86008
1.73614
1.92654
1.78587
1.94933
1.8054
1.84604
1.40414
1.62192
1.84495
1.53125
1.42696
1.52076
1.46644
1.57875
1.57999
1.714
1.44786
1.27974
1.58578
1.55148
1.37766
1.38797
1.50751
1.88477
2.14458
1.88818
1.95579
1.58314
1.77434
1.48002
1.44084
1.58915
1.53826
1.84209
1.78962
1.86368
2.18202
1.52466
1.61393
1.69353
1.70071
1.68877
1.41985
1.81205
1.41136
1.80189
1.73119
1.53189
2.00359
1.74055
1.54484
1.60995
1.75613
1.93403
1.52685
1.85431
1.74273
1.96884
1.58859
1.89382
1.84373
1.76478
1.82829
1.64004
1.97164
1.7435
1.399
1.53377
1.65486
1.72679
1.64511
1.36794
1.80367
1.98134
1.73788
1.53227
1.52311
1.77953
1.75895
1.34929
1.49835
1.68415
1.97618
2.06262
1.83655
2.10473
1.9682
1.91793
1.7413
2.07286
1.56824
1.68089
1.70514
1.72531
1.61186
2.12244
1.75121
1.76119
1.81089
1.8744
2.06049
2.03134
1.89748
1.94724
1.94401
2.04945
1.95443
1.75646
1.75279
1.69356
1.82648
2.07996
1.85899
1.83411
1.76742
1.77752
1.8915
1.68652
1.76909
1.61341
1.55118
1.66859
1.84861
2.07681
1.62667
1.63403
1.911
1.72044
1.65973
1.58897
1.73223
2.005
2.09272
2.18781
2.11469
2.03204
2.04502
1.94562
2.35391
2.32576
1.91928
2.19188
1.88581
2.0316
2.10138
1.89246
2.08195
1.80392
1.85716
1.62512
1.89864
1.71158
1.63529
1.23013
1.50856
1.52221
1.21363
1.49194
1.83344
1.57438
1.63301
1.47711
1.29132
1.73162
1.4393
1.40156
1.51105
1.64643
1.79358
1.90188
2.0128
1.59654
1.52591
1.65525
1.91862
1.87501
1.87501
1.90217
1.95347
2.22724
1.90096
2.15576
1.95076
1.79295
1.68156
1.44387
1.88935
1.81432
1.48103
1.63853
1.31131
1.75079
1.75346
1.39781
1.36842
1.71853
1.84081
1.32569
1.23647
1.85211
1.74502
1.45653
1.71596
1.85268
2.04019
1.45232
1.54514
1.65472
1.80213
2.04026
1.47763
1.50153
1.86919
1.69042
1.67815
1.40996
1.13513
1.37286
1.37974
1.57947
1.53323
1.60169
1.23015
1.38645
1.7717
2.07743
1.96226
1.75239
1.45456
1.32143
1.52979
2.31533
1.69994
1.57491
1.71346
1.57783
1.49032
1.74157
1.90561
1.76413
1.77165
1.70773
1.86452
1.84889
1.81071
1.87922
1.55572
1.69293
1.83078
1.79011
1.8934
1.38852
1.40755
1.53713
1.72411
1.67894
1.62642
1.74043
1.4101
1.83508
1.23176
1.13718
1.40015
1.68089
1.53157
1.40133
1.60808
1.46767
1.56904
1.78977
1.63501
1.69905
1.59138
1.39456
1.40216
1.38022
1.75878
1.3239
1.79618
1.58084
1.41286
1.50887
1.81527
1.41248
1.35422
1.56884
1.57346
1.90535
1.87063
1.40577
1.40525
1.65418
1.64744
1.63276
1.61009
1.57145
1.62801
1.35888
1.52171
1.56436
1.56189
1.58518
1.47924
1.57619
1.73916
1.73385
1.47233
1.55757
1.992
1.81978
1.72275
1.95343
1.43685
1.56696
1.56998
1.92548
1.78352
1.71494
1.29895
1.39579
1.47369
1.53953
1.53335
1.41708
1.89961
1.45653
1.54947
1.46058
1.77741
1.97215
1.50109
1.84158
1.46921
1.66827
1.53675
1.56588
1.39444
1.26571
1.31337
1.68598
1.57653
1.97496
1.52771
1.39634
1.45153
1.34213
1.27765
1.49103
1.21631
1.37208
1.64961
1.7482
1.66426
2.07606
1.92155
1.53471
1.48495
1.48852
1.48578
1.31934
1.30019
1.42091
1.43074
1.68421
1.51091
1.52639
1.59256
1.31149
1.42226
1.47253
1.39772
1.47015
1.49496
1.62499
1.69977
1.26788
1.62524
1.49547
1.38003
1.28845
1.34676
1.76964
1.38034
1.58182
1.58935
1.65319
1.37451
1.73269
1.66995
1.82977
1.24044
1.35181
1.61502
1.20878
1.36664
1.69883
1.94447
1.95361
1.67024
1.30066
1.47247
1.64519
1.49678
1.48235
1.48879
1.43191
1.81833
1.68582
1.6431
1.73657
1.75518
1.51306
1.30446
1.45589
1.84394
1.90639
1.46393
1.59721
1.18817
1.35019
1.77125
1.66771
1.56775
1.59381
1.39436
1.4032
1.66296
1.60505
1.62771
1.90647
1.88712
1.97287
1.75398
1.56906
1.52564
1.44211
1.73196
1.57301
1.44092
1.47438
1.78023
1.49869
1.34488
1.65851
1.71564
1.55651
1.58187
1.24114
1.3351
1.22307
1.39661
1.5471
1.51859
1.51859
1.63161
1.48464
1.81714
1.74451
1.79586
1.44525
1.45117
1.75948
1.66004
1.48657
1.66543
1.45298
1.52872
1.64996
1.7133
1.6987
1.48713
1.2823
1.47723
1.63092
1.53649
1.26656
1.345
1.345
1.47286
1.44619
1.40923
1.40248
1.31817
1.3964
1.37105
1.36101
1.32861
1.49387
1.63632
1.53652
1.35506
1.29906
1.32601
1.34949
1.44195
1.544
1.61823
1.63687
1.65021
1.47923
1.19975
1.15455
1.55476
1.45243
1.40335
1.18155
1.36733
1.32218
1.22612
1.1202
1.35022
1.32563
1.31107
1.4118
1.33928
1.74069
1.81905
1.4482
1.7375
1.74453
1.55001
1.41482
1.50375
1.61903
1.48775
1.52372
1.68974
1.66112
1.5976
1.70803
1.98868
1.64905
1.8947
2.02946
1.87061
1.4554
1.48793
1.47492
1.414
1.49542
1.69738
1.3569
1.24767
1.09171
1.27324
1.21313
1.25218
1.29988
1.19644
1.16194
1.4748
1.4778
1.82202
1.72022
1.65272
1.46694
1.36576
1.30052
1.29358
1.78644
1.79019
1.64437
1.4852
1.24498
1.26119
1.19265
1.24326
1.66351
1.27703
1.12762
1.49553
1.57505
1.72572
1.46939
1.82314
1.73149
1.88506
1.39264
1.60576
1.27572
1.08539
1.47481
1.74482
1.34759
1.15016
1.49357
1.49534
1.65763
1.49672
1.69265
1.42272
1.49718
1.54127
1.52623
1.51267
1.28597
1.38052
1.52037
1.70363
1.31336
1.48114
1.23417
1.38821
1.70717
1.40893
1.46563
1.373
1.40373
1.20736
1.40348
1.21056
1.65504
1.52015
1.7059
1.53216
1.59466
1.33736
1.12058
1.71769
1.97519
1.55136
1.3489
1.39955
1.46057
1.43554
1.55669
1.42982
1.52549
1.43495
1.37963
1.75773
1.83721
1.65633
1.61199
1.61208
1.51306
1.56589
1.66607
1.53699
1.42926
1.76972
1.74379
1.7973
1.83617
1.46337
1.43173
1.79891
1.63624
1.45009
1.6982
1.5059
1.45157
1.53683
1.69058
1.67499
1.59387
1.5693
1.81674
1.81392
1.617
1.82739
1.93507
1.67402
1.71353
1.66829
1.62925
1.75479
1.35912
1.54695
1.57938
1.13985
1.17083
1.235
1.39675
1.48598
1.50994
1.301
1.37181
1.38402
1.03152
1.16098
1.46402
1.36725
1.5168
1.39916
1.44336
1.35806
1.28933
1.58699
1.65894
1.46217
1.14567
1.17855
1.2363
1.31755
1.15313
1.45542
1.67034
1.35702
1.4247
1.4247
1.48456
1.20985
1.28307
1.23749
1.38436
1.48768
1.07429
1.14728
1.32194
1.55375
1.57571
1.37502
1.2944
1.35683
1.22724
1.72471
1.36705
1.33341
1.26383
1.29821
1.23794
1.2917
1.20593
1.27154
1.39766
1.77054
1.33374
1.26172
1.52155
1.33156
1.33795
1.31628
1.33584
1.40612
1.6542
1.61399
1.4593
1.5043
1.58557
1.67626
1.53388
1.65877
1.34886
1.332
1.58131
1.73465
1.67196
1.69843
1.41861
1.52616
1.59272
1.35274
1.35274
1.44529
1.52492
1.40158
1.67445
1.55524
1.48833
1.71287
1.79619
1.57423
1.21729
1.39046
1.67237
1.656
1.37788
1.49145
1.58815
1.53763
1.66647
1.53084
1.57664
1.47957
1.58313
1.83381
1.91393
1.3561
1.56043
1.4293
1.68688
1.72983
1.74583
1.74184
1.86488
1.55752
1.6237
1.43302
1.86642
1.75595
1.26928
1.33519
1.40555
1.29485
1.44783
1.29099
1.10228
1.46402
1.42705
1.18834
1.38691
1.51785
1.55511
1.4702
1.29178
1.4259
1.4941
1.41265
1.57383
1.59137
1.38136
1.04705
1.03648
1.27604
1.22922
1.55117
1.14233
1.23507
1.36141
1.4877
1.22651
1.24461
1.11906
1.29357
1.4377
1.50927
1.3074
1.37433
1.43548
1.37998
1.42528
1.43579
1.48139
1.78487
1.5239
1.31611
1.38465
1.50136
1.56282
1.55015
1.39044
1.53482
1.59682
1.43703
1.37388
1.41146
1.45491
1.57651
1.60889
1.39511
2.1131
1.57104
1.51125
1.53681
1.64345
1.4054
1.40541
1.55424
1.49335
1.50528
1.43226
1.56206
1.4754
1.52941
1.83412
1.46471
1.45608
1.86409
1.61677
1.84838
1.63028
1.40157
1.51844
1.61027
1.52496
1.41284
1.35547
1.51985
1.48229
1.54443
1.56137
1.69098
1.50087
1.60255
1.70379
1.70706
1.63835
1.4113
1.60028
1.83705
1.756
1.74046
1.87602
1.88914
1.73803
1.64085
1.73342
1.65164
1.78387
1.76394
1.79636
1.76288
1.742
1.76592
1.82381
1.78144
1.94765
1.45261
1.68399
1.5422
1.70588
1.59631
1.48154
1.63232
1.42516
1.42516
1.44048
1.42547
1.63321
1.71625
1.63768
1.629
1.44373
1.61583
1.54289
1.36243
1.46462
1.69946
1.6861
1.65618
1.52367
1.73968
1.82236
1.79619
1.71435
1.67947
1.7048
1.65829
1.74104
1.95566
1.78021
1.32946
1.48138
1.43377
1.40432
1.41557
1.79109
1.63592
1.78957
1.58521
1.632
1.56551
1.45837
1.26098
1.27023
1.50013
1.65571
1.72582
1.42855
1.35242
1.32954
1.30672
1.40813
1.3996
1.5508
1.34424
1.26453
1.57104
1.54238
1.42752
1.35306
1.31266
1.56359
1.39716
1.2276
1.17059
1.29637
1.29238
1.06127
1.17426
1.22828
1.22404
1.54901
1.39529
1.34513
1.22342
1.01777
1.34026
1.1044
1.31355
1.50928
1.58476
1.31849
1.56075
1.6197
1.36273
1.25775
1.46652
1.22635
1.40588
1.64004
1.64908
1.45431
1.53676
1.55084
1.39861
1.30255
1.29995
1.41888
1.31215
1.2065
1.27507
1.34958
1.42856
1.39242
1.35003
1.23562
1.58498
1.39747
1.4745
1.79952
1.48941
1.51902
1.80103
1.86466
1.53226
1.40149
1.45015
1.36185
1.52028
1.51226
1.61391
1.60926
1.72344
1.51776
1.56111
1.52502
1.5708
1.70443
1.53609
1.77428
1.45182
1.79538
1.87085
1.85287
1.91438
2.05641
1.70393
1.60018
1.73803
1.75998
1.7182
1.77009
1.45455
1.52624
1.70798
1.83165
1.76724
1.59963
1.49088
1.59998
1.36912
1.46615
1.36271
1.88347
1.59346
1.7949
1.59967
1.73117
1.93688
1.85645
1.59923
1.60822
1.78906
1.69272
1.39607
1.31962
1.64408
1.68473
1.40815
1.53647
1.36656
1.42447
1.31399
1.40984
1.36911
1.51835
1.59797
1.76171
1.5406
1.58537
1.66499
1.74139
1.76371
1.85449
1.72524
2.12949
1.86534
1.92134
1.94158
2.15162
1.57071
1.62812
1.37093
1.4447
1.59362
1.36469
1.39666
1.3258
1.20001
1.18903
1.25703
1.26558
1.41343
1.27935
1.03422
1.06693
1.09249
1.3775
1.41179
1.783
1.40531
1.33969
1.28102
1.4777
1.49993
1.70293
1.70229
1.59549
1.4609
1.42427
1.67629
1.55952
1.55939
1.55231
1.3969
1.4295
1.40035
2.06055
2.02478
1.89235
1.70119
1.78967
1.65069
1.7653
1.72049
1.51863
1.82684
1.8783
1.74525
1.87277
1.88445
1.95105
1.70835
1.6902
1.86708
2.26702
2.06845
2.01212
1.862
1.74784
1.98305
1.82027
1.89405
1.72167
1.70003
1.91523
1.77509
1.62886
1.48484
1.38831
1.27969
1.24152
1.29402
1.31322
1.56152
1.34327
1.48867
1.45852
1.3332
1.41837
1.40338
1.31167
1.4244
1.41975
1.73502
1.58252
1.61988
1.43223
1.19634
1.33072
1.44346
1.21746
1.24673
1.36047
1.46649
1.37559
1.55479
1.48163
1.45203
1.31058
1.59814
1.1485
1.28531
1.33201
1.37626
1.1524
1.13227
1.33811
1.2821
1.24509
1.24299
1.31939
1.17876
1.29647
1.36563
1.43001
1.39237
1.42903
1.44888
1.55924
1.49188
1.21188
1.25272
1.2015
1.08628
1.46693
1.2467
1.63262
1.67883
1.40205
1.37515
1.35767
1.29629
1.24914
1.19547
1.28464
1.53734
1.54887
1.25377
1.33001
1.32912
1.34008
1.27073
1.39723
1.49765
1.55398
1.30874
1.39309
1.5581
1.3352
1.18663
1.28043
1.21106
1.24459
1.44506
1.32339
1.67449
1.61983
1.61846
1.37554
1.26705
1.12133
1.53268
1.34832
1.34061
1.26653
1.20978
1.21071
1.28303
1.49717
1.46474
1.40777
1.55648
1.43043
1.20889
1.08995
1.17378
1.20436
1.12364
0.993102
1.26236
1.12944
1.3067
1.28434
1.22888
1.38187
1.22016
1.20951
1.14724
1.48527
1.32324
1.34033
1.24567
1.41239
1.36486
1.28194
1.26549
1.3778
1.36639
1.15556
1.36907
1.14861
1.27193
1.13514
1.15292
1.17784
1.23409
1.06317
1.05135
1.17969
1.00016
1.16911
1.19056
1.09101
1.19008
1.21993
1.25883
1.09937
1.09824
1.18575
1.19417
1.30902
1.3854
1.33189
1.23597
1.28283
1.54537
1.52527
1.50397
1.47135
1.42833
1.29639
1.08993
1.07704
1.14116
1.17336
1.18288
1.12028
1.11461
1.69819
1.33703
1.0492
1.12834
1.12654
1.44899
1.39124
1.27794
1.25697
1.21245
1.08766
1.6773
1.64709
1.22529
1.45424
1.45509
1.17319
1.23276
1.56689
1.24222
1.30369
1.44734
1.26846
1.35378
1.43842
1.39026
1.30752
1.37237
1.47458
1.58697
1.65183
1.43584
1.32185
1.38954
1.19932
1.20962
1.56867
1.24769
1.1511
1.28429
1.39437
1.44902
1.28738
1.3258
1.16312
1.18293
1.49447
1.28862
1.03915
1.51417
1.30394
1.29896
1.02882
1.22686
1.43355
1.24797
1.13216
1.15332
1.1421
1.21915
1.27316
1.3956
1.20743
1.16001
1.3542
1.16348
1.15144
1.35128
1.26405
1.15449
1.16242
1.21895
1.10969
1.16609
1.2902
1.09319
1.15879
1.44539
1.75409
1.72042
1.24583
1.20124
1.22073
1.22073
1.3225
1.34654
1.33327
1.02179
1.09483
1.19635
1.19391
1.27051
1.2637
1.29594
1.52181
1.35274
1.31518
1.27172
1.15949
1.39126
1.26341
1.4302
1.20062
1.26505
1.18037
1.34111
1.43313
1.27597
1.09739
1.25405
1.28113
1.1764
1.20371
1.13782
1.2135
1.16643
1.28347
1.2812
1.08314
1.10802
1.05529
1.1812
1.05719
1.29526
1.25275
1.1805
1.26553
1.17179
1.39231
1.30562
1.49177
1.47994
1.43614
1.54487
1.65393
1.48999
1.18034
1.24424
1.03515
1.24026
1.31439
1.35396
1.25209
1.25209
1.30942
1.20422
1.04458
1.1019
1.26866
1.2282
1.28196
1.20733
1.39133
1.16608
1.18562
1.29317
1.46451
1.23194
1.18565
1.37591
1.68
1.34646
1.14212
1.33428
1.19428
1.6892
1.63884
1.47417
1.3461
1.33578
1.24093
1.03168
1.2451
1.4627
1.43941
1.46255
1.40323
1.28646
1.3923
1.10503
1.17575
1.4437
1.32344
1.18735
1.38917
1.29336
1.66992
1.25997
1.25661
1.30446
1.48459
1.5223
1.4054
1.47337
1.47441
1.6532
1.66454
1.48935
1.47313
1.51605
1.42775
1.47374
1.37189
1.41962
1.37886
1.54899
1.58809
1.72147
1.49287
1.40489
1.37473
1.55151
1.36103
1.293
1.4726
1.38143
1.37029
1.46825
1.60458
1.63359
1.42756
1.35006
1.4637
1.56572
1.51328
1.50062
1.49707
1.55986
1.39902
1.418
1.43377
1.33066
1.35483
1.48886
1.3347
1.38468
1.44107
1.38362
1.21626
1.18551
1.28601
1.29867
1.29616
1.33832
1.26936
1.2653
1.48951
1.6504
1.48321
1.46061
1.34865
1.45854
1.5107
1.62126
1.55918
1.47677
1.27436
1.51483
1.53247
1.62877
1.34841
1.4338
1.56559
1.42661
1.36681
1.20791
1.17546
1.30001
1.41637
1.31124
1.29882
1.67051
1.65111
1.59188
1.26385
1.23955
1.42524
1.43633
1.38278
1.32458
1.20803
1.194
1.03616
1.21208
1.1472
1.29023
1.24014
1.44243
1.20893
1.20893
1.21312
1.30695
1.25453
1.20806
1.21144
1.1636
1.33407
1.25793
1.35661
1.49579
1.44617
1.63106
1.25516
1.2664
1.2048
1.38551
1.34391
1.15513
1.22877
1.10735
1.47017
1.20197
1.26561
1.33235
1.41585
1.55372
1.53493
1.55748
1.29043
1.23686
1.32402
1.10671
1.14257
1.21997
1.18729
1.20137
1.36317
1.34297
0.998195
1.32808
1.31887
1.04904
1.25364
1.08302
1.20757
1.26999
1.18141
1.10123
1.09296
1.12937
1.19846
1.2347
1.16031
1.37211
1.23765
1.04074
1.23191
1.31309
1.02209
1.03035
1.11163
1.12269
1.3055
1.28041
1.26805
1.29189
1.24668
1.19405
1.23829
1.14687
1.06253
1.15417
1.40923
1.23891
1.13652
1.13652
1.59597
1.37696
1.36627
1.34156
1.31517
1.35256
1.39643
1.1684
1.13976
1.27383
1.27903
1.11884
1.15536
1.43986
1.25069
1.13071
1.15715
1.25073
1.11629
1.16516
1.31973
1.19125
1.14603
1.09444
1.21705
1.21044
1.45098
1.47107
1.32664
1.1665
1.34691
1.26273
1.28461
1.46101
1.21004
1.17755
1.16523
1.21331
1.19514
1.12945
1.22469
0.976255
0.989228
1.18276
1.00647
1.15605
1.11149
1.24136
1.19735
1.4351
1.3434
1.26804
1.20753
1.17287
1.22519
1.26771
1.23854
1.11021
1.05727
1.13285
1.08539
1.36313
1.27799
1.29639
1.35676
1.28089
1.20315
1.24503
1.42143
1.38248
1.23583
1.36457
1.30998
1.30998
1.24018
1.15134
1.23251
1.41096
1.25474
1.33138
1.28644
1.2282
1.17791
1.30731
1.19946
1.15093
1.40027
1.13712
1.16812
1.38176
1.53876
1.23403
1.44405
1.36778
1.57806
1.32641
1.36318
1.53004
1.24039
1.28779
1.34107
1.28802
1.27227
1.18591
1.06659
1.12042
1.24776
0.974272
1.16371
1.11361
1.15702
1.15604
1.21845
1.21517
1.32276
1.29855
1.21793
1.1191
1.0793
1.0571
1.04993
1.22947
1.23205
1.27949
1.29815
1.20394
1.13025
1.11108
1.29383
1.26408
1.33293
1.41665
1.19434
1.19463
1.1275
1.30749
1.30943
1.23211
1.26736
1.23554
1.30959
1.2234
1.19076
1.20693
1.12794
1.22803
1.31631
1.25274
1.12629
1.1621
1.26243
1.30324
1.33974
1.20215
1.17642
1.20835
1.15527
1.17372
1.05511
1.12239
1.16031
1.27353
1.18745
1.32882
1.15929
1.13295
1.30883
1.24366
1.05589
1.27234
1.2391
1.19772
1.14231
1.22283
1.23109
1.3574
1.30867
1.47242
1.33028
1.34974
1.23622
1.16566
1.46938
1.34761
1.16447
1.19241
1.14226
1.24396
1.32629
1.4512
1.35885
1.15413
1.15413
1.21619
1.26506
1.4259
1.50796
1.06069
1.19862
1.20482
1.4088
1.23744
1.33131
1.22813
1.2818
1.46828
1.39819
1.21124
1.21523
1.3466
1.24448
1.27905
1.20105
1.15931
1.14489
1.21211
1.29174
1.19665
1.5539
1.42865
1.18864
1.18864
1.22196
1.28594
1.14915
1.29757
1.33417
1.31278
1.43785
1.47527
1.49856
1.36455
1.39626
1.32704
1.31498
1.46376
1.41132
1.2959
1.41256
1.37275
1.42491
1.49645
1.45074
1.41877
1.4239
1.2984
1.17449
1.62308
1.42803
1.477
1.27793
1.65618
1.18915
1.18582
1.31199
1.26105
1.26362
1.14635
1.19522
1.1943
1.20036
1.22557
1.18804
1.09667
1.20295
1.09254
1.35502
1.38767
1.26848
1.20599
1.18082
1.21932
1.21333
1.26042
1.30554
1.17043
1.29881
1.19582
1.03491
1.19242
1.59949
1.24923
1.38146
1.31504
1.48546
1.25857
1.22173
1.25251
1.15028
1.06506
1.35868
1.37948
1.40186
1.2428
1.1532
1.25371
1.2177
1.23194
1.12927
1.08657
1.33736
1.38577
1.39469
1.1636
1.38007
1.13156
1.15303
1.35068
1.35379
1.34252
1.33703
1.222
1.18998
1.16138
1.04899
1.4563
1.0961
1.09727
1.32662
1.29936
1.16855
1.22008
1.40306
1.3291
1.22878
1.18933
1.32705
1.31095
1.3067
1.24811
1.3128
1.2947
1.13414
0.938726
1.10061
1.19681
1.20684
1.17928
1.22912
1.24342
1.24062
1.12637
1.17315
1.09298
1.04564
1.10271
1.16366
1.16267
0.986378
1.13949
1.28712
1.11236
1.10607
1.13649
1.17484
1.35189
1.34453
1.34019
1.3306
1.28288
1.48324
1.37423
1.1824
1.03911
1.10712
1.04036
1.21418
1.1971
1.24302
1.36493
1.47339
1.23793
1.10932
1.28493
1.01025
1.08716
1.16236
1.14452
1.10539
1.10062
1.04904
1.03364
1.15986
1.10439
1.14418
1.23952
1.25407
0.978029
1.15145
1.21424
1.08593
1.13366
1.25272
1.21184
1.18737
1.14536
1.08848
1.10575
1.30749
1.21398
1.06443
1.19541
1.23138
1.12796
1.32383
1.06995
1.1037
1.21801
1.20344
1.31934
1.11875
1.16711
1.12195
1.05368
0.996421
1.0886
1.16345
1.32999
1.40584
1.24264
1.00414
1.0618
1.22591
1.12652
1.31474
1.2725
1.29133
1.09438
1.31877
1.1028
1.09044
1.13921
0.961232
0.929705
1.01769
1.4233
1.39524
1.27275
1.47979
1.27311
1.31548
1.09888
1.20992
1.1815
1.21947
1.26507
1.16257
1.22688
1.23305
1.07108
1.04804
1.20166
1.26606
1.19571
1.40588
1.08919
1.14805
1.12412
1.24703
1.33812
1.34891
1.29711
1.24427
1.3742
1.32181
1.30978
1.22984
1.1436
1.06748
1.30528
1.20218
1.19938
1.09268
1.11028
1.21215
1.12188
1.13549
1.54757
1.69834
1.38686
1.41144
1.38947
1.51654
1.32541
1.29884
1.20519
1.25853
1.36872
1.21272
1.50604
1.55461
1.45039
1.3809
1.73834
1.18792
1.1529
1.17363
1.34461
1.05871
1.04992
1.08344
1.2017
1.40177
1.3274
1.3116
1.34047
1.17236
1.16286
1.19997
1.09423
1.05639
1.10121
1.21703
1.06166
1.22687
1.20875
1.19518
1.07493
1.2807
1.22695
1.1131
1.07764
1.16614
1.20592
1.15513
1.1362
1.08304
1.08074
1.19196
1.19841
1.114
1.15836
1.3931
1.21295
1.11945
1.05406
1.16077
1.09323
0.94735
1.09084
1.21624
1.13608
1.13671
1.34045
1.37405
1.18915
1.23641
1.24281
1.23414
1.41579
1.47127
1.39187
1.39846
1.29801
1.29114
1.31017
1.16006
1.13951
1.24568
1.25427
1.24945
1.28946
1.22357
1.2544
1.3102
1.36477
1.46454
1.45845
1.44423
1.37993
1.58854
1.56371
1.61838
1.57866
1.50505
1.3249
1.27692
1.26437
1.23002
1.34079
1.38075
1.17088
1.30057
1.29912
1.22877
1.2927
1.43201
1.45137
1.58272
1.51902
1.3052
1.28057
1.31954
1.27103
1.29548
1.26074
1.27238
1.21108
1.23118
1.08873
1.31005
1.38819
1.36486
1.15888
1.06416
1.15964
1.22777
1.19111
1.29988
1.28085
1.1087
1.22173
1.32079
1.18949
1.21015
1.12548
1.14301
1.37432
1.11769
1.09454
1.21201
1.22551
1.2423
1.18973
1.13582
1.25816
1.55375
1.26952
1.24017
1.19428
1.15759
1.17574
1.17755
1.16725
1.1162
1.16717
1.16155
1.19718
1.30066
1.18623
1.3151
1.16494
1.13703
1.10513
1.20962
1.39087
1.49209
1.22819
1.22787
1.13496
1.14922
1.22599
1.13715
1.19399
1.23466
1.28075
1.22279
1.18
1.149
1.19328
1.1489
1.11815
1.21639
1.31577
1.15444
1.02023
1.05402
1.09999
1.13168
1.13168
1.17391
1.36679
1.39252
1.17016
1.23931
1.02215
1.1516
1.22005
1.20543
1.19855
1.13957
1.00405
1.25671
1.05641
1.05641
1.07544
1.13653
1.19972
1.02079
1.08298
1.13912
1.20796
1.08268
1.11768
1.0623
1.0698
1.17508
1.10733
1.17691
1.18792
1.22979
1.2082
1.2331
1.06502
1.09747
1.10226
1.10472
1.11814
1.49207
1.17859
1.12554
0.953831
1.01163
1.12161
1.15218
1.14435
1.1765
1.20106
1.08352
1.21655
1.3333
1.35139
1.24569
1.2415
1.18098
1.19854
1.22844
1.19133
1.09322
1.17056
1.20067
1.07253
1.0378
1.05671
1.04894
1.18159
1.12338
1.13771
1.27748
1.21115
1.34351
1.34785
1.33525
1.12227
1.13239
1.23842
1.18956
1.33014
1.35508
1.40619
1.42096
1.29777
1.29032
1.16163
1.41805
1.13586
1.2682
1.2682
1.33221
1.24401
1.12198
1.28945
1.01829
1.08799
0.963146
0.994239
1.01486
1.09962
1.12916
1.23609
1.17528
1.10387
1.12271
1.14647
1.09627
1.08851
1.08638
1.13421
1.19175
1.15212
1.35518
1.16229
1.15773
1.33427
1.33593
1.38532
1.26482
1.28379
1.27676
1.28451
1.40327
1.38286
1.4031
1.18583
1.04037
1.23297
1.19061
1.12082
1.12325
1.15716
1.09432
1.15989
1.15989
1.09719
1.18895
1.18142
1.14246
1.23438
1.15245
1.44171
1.39793
1.21568
1.17451
1.23012
1.30524
1.81936
1.49982
1.51345
1.3583
1.31041
1.2879
1.37156
1.30442
1.28574
1.3143
1.26468
1.15124
1.18056
1.18894
1.37966
1.44135
1.36565
1.25894
1.27706
1.38494
1.28117
1.27111
1.31108
1.15726
1.31073
1.21588
1.20496
1.17526
1.18601
1.18601
1.33853
1.20586
1.17199
1.31967
1.42718
1.2854
1.23228
1.23305
1.25479
1.25817
1.27289
1.39483
1.42116
1.51492
1.37966
1.39517
1.38896
1.52216
1.16674
1.14985
1.14878
1.11326
1.2447
1.17943
1.16791
1.16391
1.18589
1.14647
1.22045
1.07547
1.1416
1.133
1.17026
1.1617
1.14558
1.11754
1.21569
1.13232
1.05741
1.168
1.39569
1.23239
1.14983
1.16163
1.2466
1.27701
1.43032
1.17221
1.10709
1.08152
1.25783
1.02417
0.991657
1.16361
1.09814
1.05813
1.23386
1.3451
1.58856
1.37558
1.34182
1.55566
1.49987
1.40868
1.34701
1.41602
1.38738
1.47081
1.43144
1.34957
1.34957
1.54677
1.23127
1.36773
1.51737
1.48263
1.25541
1.27787
1.31489
1.30309
1.51151
1.42285
1.32198
1.2625
1.22388
1.20602
1.10678
0.903142
0.903142
1.18583
1.23057
1.17742
1.26543
1.19267
1.41522
1.37071
1.41873
1.24617
1.30566
1.3115
1.07815
1.08093
0.98539
0.98539
1.03229
1.0731
1.15553
1.08384
1.03641
1.05334
1.06202
1.26716
0.980369
0.975267
1.13339
1.05961
1.12313
0.932962
0.977759
1.07631
1.45069
1.06985
1.00278
1.07348
0.989304
0.987003
1.01957
1.27581
1.1484
1.08901
0.985474
1.22639
1.10916
1.04537
1.05433
1.11201
1.16389
1.26743
1.12691
1.14731
1.14445
1.01422
1.23167
1.19645
1.04784
1.09766
1.09813
1.01158
1.0281
1.13484
0.999224
1.16267
1.05099
1.27472
1.21087
1.08133
1.23006
1.07184
1.12758
1.24007
1.26405
1.02714
1.03665
1.15071
1.04954
1.20806
1.2352
1.12372
1.04411
1.23938
1.4535
1.19309
1.30658
1.22949
1.19449
1.14686
1.2983
1.22905
1.11539
1.10739
1.16353
1.09938
1.12943
1.06166
1.05156
1.06503
1.15038
1.1885
1.23453
1.43757
1.35592
1.32953
1.13247
1.15963
1.17542
1.07887
1.12454
1.14651
1.10139
1.14419
1.12467
1.08944
1.11284
1.14016
1.28699
1.16946
1.09884
1.27184
1.43372
1.27811
1.10962
1.15239
1.21704
1.13073
1.23159
1.19913
1.16202
1.25621
1.23501
1.21827
1.21048
1.14103
1.23665
1.27822
1.26079
1.20993
1.08395
1.139
1.2582
1.23117
1.1759
1.19447
1.28529
1.19496
1.14318
1.14378
1.07309
1.1551
1.17828
1.11937
1.29506
1.30867
1.10459
1.16823
1.14646
1.15847
1.1303
1.26593
1.23869
1.26178
1.2221
1.22494
1.36999
1.12657
1.12042
1.036
1.01689
1.16572
1.08997
1.05516
1.0754
1.27264
1.17229
1.17976
1.2349
1.15115
1.21653
1.23811
1.11745
1.24624
1.22353
1.12603
1.02309
1.10936
1.21889
1.12469
1.04714
0.993492
0.982913
0.994211
1.1347
1.0825
1.07122
1.0436
1.05353
1.10904
1.24724
1.15132
1.30382
1.12689
1.21168
1.31906
1.19203
1.11433
1.06845
1.07537
1.09698
1.15496
1.03086
1.20412
1.09982
1.26186
1.23273
1.40604
1.13021
1.21118
1.20853
1.15741
1.07687
1.1225
1.08874
1.12476
1.15699
1.09433
1.1231
1.26322
1.15448
1.25134
1.2769
1.21188
1.22426
1.3004
1.24865
1.27051
1.23015
1.12804
1.09741
1.29162
1.12216
1.13487
1.19051
1.19288
1.20628
1.24703
1.25297
1.25095
1.15142
1.26313
1.3257
1.35513
1.18891
1.10842
1.09168
1.21288
1.45146
1.28735
1.25769
1.02522
1.15346
1.03035
1.05721
1.09984
1.07046
1.04091
0.99585
1.07131
1.08647
1.08647
1.24321
1.04372
1.10545
1.17978
1.11272
1.12315
1.11602
1.11164
1.1679
1.09223
1.11943
1.0577
1.16399
1.05463
1.07141
1.07194
1.05987
1.07845
1.11045
1.20796
1.13851
1.10306
1.01568
1.04354
1.15324
1.28967
1.09192
1.05518
1.09723
1.13543
1.2677
1.19847
1.32441
1.18216
1.21658
1.22117
1.19986
0.97187
1.0959
1.16672
1.20377
1.17081
1.24835
1.1692
1.1913
1.11207
1.15769
1.28494
1.10552
1.13932
1.15228
1.29814
1.38992
1.2553
1.10065
1.08293
1.25799
1.26563
1.36506
1.29234
1.16739
1.19869
1.18164
1.1598
1.12547
1.11675
1.16722
1.14656
1.30062
1.20577
1.28734
1.0854
1.10558
1.08409
1.20576
1.01725
1.05172
1.07132
1.03058
1.16047
1.15672
1.17337
1.1609
1.25877
1.08727
1.19709
1.08122
1.05297
1.09584
1.185
1.13196
1.15065
1.08501
1.03361
1.02167
1.14086
1.01869
1.07821
1.04411
1.11136
1.03612
1.06692
1.08181
1.10289
1.08089
1.02162
1.01085
1.04841
1.16965
1.09005
1.10211
1.23062
1.03814
1.13954
1.38817
1.19713
1.41892
1.11382
1.11938
1.27426
1.32976
1.33101
1.35331
1.25578
1.26444
1.24346
1.14468
1.23611
1.1523
1.12744
1.1696
1.15481
1.09749
1.15038
1.23565
1.22172
1.15883
1.18852
1.19771
1.1887
1.24257
1.20369
1.24807
1.23858
1.26373
1.11185
1.13534
1.17984
1.20221
1.12824
1.27358
1.29661
1.46649
1.48523
1.43701
1.25543
1.13044
1.31709
1.12784
1.22548
1.17324
1.2257
1.19154
1.28782
1.32123
1.25012
1.18747
1.2305
0.963146
1.10983
0.972324
1.01217
1.04706
1.04918
0.957347
1.10537
1.08519
0.98094
1.02654
1.06219
1.14933
1.15828
1.02534
1.08614
1.15987
1.06541
1.07384
1.0683
1.10015
1.03459
1.14629
1.13941
1.02436
1.11256
1.03978
1.10514
1.21116
1.15432
1.11477
1.0798
1.04276
1.00502
1.03666
1.16644
1.05632
1.04054
1.04134
1.1483
1.08334
1.13645
1.01978
1.08528
1.09323
1.06357
1.0804
1.15369
1.01084
1.00908
1.06932
1.16689
1.08713
1.04782
1.07883
1.07193
1.01417
1.10125
1.1578
1.16325
1.12361
1.0688
1.16296
1.14018
1.08303
1.05587
1.17545
1.18634
1.15803
1.11602
1.02488
1.04416
1.12016
1.09813
1.04038
1.18295
1.18719
0.985702
1.00864
1.00456
1.0793
1.16122
1.15884
1.16953
1.14786
1.02612
1.15098
1.06922
1.00492
1.02578
1.08637
1.02291
1.04148
1.04543
0.94162
0.994688
1.15736
1.12724
1.29521
1.17805
1.29207
1.11376
1.05464
1.11794
1.10967
1.4374
1.3717
1.14703
1.30507
1.28572
1.19099
1.19358
1.19654
1.23822
1.18151
1.12375
1.05184
1.06987
1.16632
1.13601
1.04524
1.06227
1.06227
1.03025
1.07245
1.07378
0.979958
1.12701
1.03929
1.1463
1.04277
1.0745
1.0717
1.0717
1.20734
1.15298
1.06468
1.11618
1.09523
1.03839
1.0558
1.05315
1.02202
0.998539
0.949095
1.00088
1.10467
1.00505
1.05232
1.25117
1.02708
0.91396
0.949695
0.945783
0.945783
1.0445
1.07939
1.20184
1.03279
0.942592
0.965715
0.995271
1.0695
1.04946
1.13243
1.18916
1.19737
1.20581
1.04241
1.05691
1.08841
1.08049
1.16573
1.06645
1.33637
1.02489
1.02846
1.09022
1.07882
1.14065
1.31695
1.14795
1.12592
1.05909
1.07037
1.17657
1.19901
1.22337
1.2542
1.22274
1.32875
1.28213
1.21376
1.25088
1.09969
1.05654
1.13793
1.163
1.20513
1.31908
1.36691
1.23847
1.23847
1.2516
1.29147
1.2419
1.21812
1.3734
1.31312
1.39029
1.15428
1.20904
1.20002
1.17714
1.17077
1.18893
1.21911
1.17648
1.14627
1.1746
1.26443
1.24303
1.14712
1.1864
1.35742
1.23978
1.25112
1.22733
1.35191
1.35755
1.18701
1.09258
1.12703
1.15236
1.14196
1.22253
1.20042
1.1444
1.0884
1.0884
1.13466
1.06734
1.15007
1.31639
1.19142
1.29028
1.24269
1.15655
1.17526
1.17526
1.29345
1.31072
1.25178
1.20262
1.31465
1.189
1.27911
1.28979
1.22034
1.29696
1.33966
1.23506
1.22216
1.30988
1.17785
0.899835
0.961232
1.07298
1.06562
0.986314
0.990517
1.07244
1.09752
1.0715
0.946726
1.19818
1.14179
0.988158
1.05917
1.18008
1.13707
1.08899
1.02824
1.12693
1.07227
0.997559
1.17643
1.08977
1.16293
1.05898
1.094
1.10355
1.08169
1.14735
1.05709
1.04222
1.03819
1.17378
1.18751
1.05902
1.09598
1.06009
1.06659
1.01954
1.01044
1.10982
1.02229
1.17087
1.11673
1.12868
1.11879
1.19432
1.36316
1.23308
1.17174
1.19049
1.14981
1.21599
1.25218
1.14885
1.12743
1.15294
1.14598
1.16479
1.13658
1.18815
1.14937
1.14985
1.15486
1.12515
1.22472
1.16101
1.10496
1.13029
1.10095
1.12666
1.13816
1.05926
1.03778
1.04246
1.08522
1.14576
1.05542
1.08928
1.08777
1.17943
1.09552
1.04763
1.08026
1.11601
1.06493
1.1251
1.15912
1.07515
1.07515
1.05889
1.03788
1.08094
1.12511
1.06425
1.11775
1.04988
1.0809
1.08861
1.13231
1.17299
1.04396
1.04396
1.18145
1.20036
1.1462
1.12726
1.1389
1.10762
1.07296
1.07296
1.16425
1.1985
1.05879
1.11968
1.10003
1.22149
1.12575
1.12369
1.08077
1.11213
1.26611
1.12832
1.15914
1.09288
1.06332
1.18931
1.06432
1.10027
1.02567
1.0063
1.00202
1.08399
1.0063
1.02302
1.04698
1.02557
1.0742
1.0536
1.16099
1.14705
1.14705
1.10423
1.1096
1.19095
1.04366
0.991216
1.01832
1.02169
0.990293
0.990395
0.99861
1.10372
1.17445
1.08445
1.04248
0.974901
0.969531
1.15356
1.1359
1.01717
1.07774
1.10672
1.02601
1.11539
1.10662
1.06624
1.06777
1.05214
1.00285
1.08968
1.16908
1.26544
1.2602
1.2383
1.30904
1.21916
1.201
1.17623
1.16283
1.1396
1.06678
1.08147
1.15702
1.23862
1.16255
1.1683
1.08731
1.05969
1.07477
1.26795
1.20441
1.25508
1.17689
1.17421
1.20361
1.13696
1.18233
1.19021
1.10687
1.20424
1.12512
1.06613
1.08347
1.1567
1.13608
1.10679
1.1988
1.09797
1.0528
1.0954
1.09141
1.1027
1.2393
1.21954
1.20924
1.17016
1.09651
1.09308
1.08013
1.09013
1.09387
1.06511
1.05999
1.05999
1.12248
1.13423
1.12864
1.21802
1.09129
1.10851
1.04123
1.04523
1.11444
1.04769
1.11304
1.05774
1.14384
1.32783
1.06853
1.08056
1.31891
1.34834
1.31008
1.11416
1.05578
1.17098
1.05492
1.08646
1.07499
0.999102
1.10404
1.11014
1.25987
1.29267
1.16338
1.34072
1.17045
1.17493
1.17388
1.18564
1.16068
1.05472
1.05472
1.02999
1.13368
1.26672
1.22202
1.27112
1.19225
1.01673
1.01673
1.10975
1.13837
1.11597
1.00881
0.98295
1.00263
0.985132
1.04253
1.03277
1.1847
1.24491
1.17139
1.15439
1.02056
1.0688
1.04454
1.18986
1.05463
1.08597
1.13933
1.13831
1.16558
1.11507
1.14354
1.09051
1.0399
0.931338
0.94466
0.949754
0.967591
0.929275
0.931184
1.00704
0.975892
1.00564
1.00466
1.09905
1.13106
1.04397
1.02703
1.0814
1.07833
1.06603
0.995503
1.06082
1.01681
1.07769
1.14933
1.01299
1.05203
1.02371
1.11736
1.03557
1.06
1.04599
1.14643
0.982003
0.991616
1.01005
1.01981
1.12286
1.05797
1.08792
1.01024
1.00263
1.01435
1.00596
1.01394
1.03237
1.05349
1.18284
1.04959
1.02602
1.125
1.00967
1.10618
1.0989
1.05484
1.07807
1.07408
1.05381
1.06766
1.00697
1.08275
1.14655
1.05096
1.08248
1.11221
1.03307
1.05572
1.05379
1.0911
1.10154
1.06874
1.03405
1.01845
1.02768
0.990851
0.980275
1.00189
1.00103
0.919437
0.965328
1.09185
1.00739
1.04818
1.09699
1.08522
0.973099
0.99429
1.03153
1.16237
1.19672
1.12578
1.03839
1.11221
1.06436
1.12845
1.09994
1.2812
1.30451
1.28673
1.14492
1.0775
1.05978
1.06108
1.10624
1.05361
1.42491
1.11221
1.14048
1.0822
1.13334
1.15104
1.14709
0.925904
0.961413
0.987395
0.935827
0.949149
1.1183
1.12317
1.24411
1.15579
1.15284
1.01841
0.96768
0.968165
1.03357
0.961039
0.966901
0.925904
1.03285
1.13564
1.2545
1.07498
1.15444
1.11972
1.05301
1.03719
1.1002
1.0892
1.06417
1.25242
1.31912
1.16357
1.35842
1.26147
1.13523
1.13256
1.10036
1.11848
1.17238
1.2113
1.14638
1.16101
1.05547
0.984621
0.926825
0.932962
1.01589
1.05573
1.05193
1.02646
1.04712
1.1174
1.0259
1.05694
1.16446
1.132
1.06456
1.06456
1.006
1.01166
0.974958
1.11752
1.03512
1.13553
1.03871
1.03076
1.09323
1.2477
1.23865
1.26339
1.10067
1.22626
1.05076
1.03748
1.11293
1.13828
1.07339
1.05889
1.05904
1.0625
1.02656
1.02486
0.913156
0.913156
0.927426
0.934283
0.990881
1.02042
1.03905
0.943518
0.935792
0.918526
0.918526
1.01431
1.14804
1.11464
1.18907
1.01688
1.02086
1.03139
1.02897
1.03113
1.14214
1.04733
1.15955
1.27051
1.06525
1.00013
0.986236
0.988059
0.992638
1.04133
1.0093
1.03837
1.01278
1.05913
1.00208
0.989081
0.95951
1.02662
1.10585
1.05809
1.03625
1.11949
1.04264
1.02519
1.08599
0.980021
0.980021
1.02043
1.00518
1.01696
1.09285
1.06097
1.02626
0.958632
0.913211
0.913211
0.92295
1.04763
0.971604
0.945265
0.900561
0.914044
0.936365
0.917374
0.983447
0.950409
0.951168
0.928913
0.987248
0.968723
1.01434
0.994153
1.29147
0.986291
1.03733
1.0162
1.06081
0.962979
1.08385
0.990858
1.05865
1.08789
0.954426
0.927343
0.927343
0.973489
0.931342
0.995008
1.16628
1.13176
1.05475
1.16941
1.10827
1.06018
1.01663
1.00939
0.974573
1.023
1.03854
1.02646
0.984569
1.08384
1.0127
1.16855
0.979995
1.05215
1.02106
1.01457
0.991294
1.10187
1.188
1.08086
1.04648
1.06875
1.04149
1.01669
1.02293
1.01087
1.08326
1.21542
1.03027
0.992138
1.11876
1.1429
1.06101
1.0463
1.02813
1.11092
1.20961
1.13218
1.01098
1.05494
1.06026
1.20849
1.09005
1.14797
1.10466
1.06364
0.983937
1.06807
1.05815
1.09908
1.08924
1.1378
1.10263
1.10585
1.19383
1.24135
1.29276
1.32502
1.34658
1.34659
1.22676
1.2178
1.10309
1.0922
1.09089
1.03401
1.01167
1.0688
1.05632
1.12159
1.17569
1.19643
1.2111
1.18463
1.15056
1.11736
0.97144
1.05095
1.04396
1.00667
0.99832
1.06281
1.05425
1.05885
0.968222
0.973503
1.04596
0.987172
0.974664
1.10208
1.04496
1.03447
0.976231
1.13834
1.27313
1.0782
1.03244
1.07555
1.06638
1.02597
1.25982
1.25058
1.2205
1.1084
1.06669
1.02482
1.15517
1.12394
1.1527
1.16946
1.16185
1.14512
1.08155
1.108
1.16194
1.17816
1.09178
1.12407
1.22587
1.24917
1.10789
1.11341
1.17388
1.16407
1.1183
1.00544
1.02608
1.03688
1.13923
1.04862
1.10039
1.08348
1.08913
1.1173
1.06724
1.00418
1.02928
1.09972
1.01934
1.0868
1.12906
1.10332
1.14627
1.02599
1.04221
1.13892
1.06008
1.09416
1.11556
1.11696
1.11796
1.07336
1.0325
1.01823
1.02968
1.02199
1.19026
1.09616
1.00837
1.05404
1.01042
1.01653
1.0294
1.06183
1.13305
1.0837
1.01042
1.16494
1.17557
1.03183
1.13047
1.13047
0.970875
0.969717
0.982912
0.951176
0.966145
1.06023
1.09948
1.21095
1.00125
1.04687
1.0959
1.04546
1.01394
0.976676
1.09213
1.07877
1.0361
1.00651
1.00756
1.00418
1.00829
1.04585
1.05232
1.10194
1.08046
1.058
1.07664
1.01158
1.04388
1.06226
1.04921
1.08153
1.12929
1.03023
1.0459
1.0053
0.964037
1.00843
1.03525
0.979995
1.04544
1.18914
1.05432
1.04316
1.00667
1.06611
1.11486
1.08726
1.01358
1.03167
1.01095
0.98546
1.08255
0.982005
0.983314
1.00621
0.999171
0.995783
1.03408
1.09148
0.985377
1.02227
0.976635
1.11592
0.979995
1.11533
1.13002
1.14077
1.15864
1.25086
1.19142
1.23315
1.21987
1.20242
1.14746
1.14156
1.10231
1.04659
1.01241
1.00924
0.999851
1.00653
1.00116
1.08068
1.02916
1.01846
1.11528
1.05332
1.06509
1.01977
1.05829
1.14397
1.20587
1.14198
1.13268
1.10708
1.12665
1.03479
1.14057
1.05261
1.02935
1.09513
1.12702
1.08546
1.12316
1.06993
1.01967
1.02068
0.99877
1.01862
1.19676
1.15413
1.12819
1.25858
1.11274
1.22035
1.13643
1.13261
1.13318
0.932962
1.0693
1.03264
1.01834
1.03609
1.12184
1.07126
1.00158
1.00606
1.06893
1.11942
1.06306
1.02632
1.02356
1.05392
0.970741
1.01303
1.24013
1.12963
1.04334
1.07283
1.0305
0.96274
1.02623
1.058
1.06899
1.14185
1.0883
1.05934
1.25537
1.09694
1.13111
1.11235
1.15258
1.21314
1.0543
1.07542
1.18685
1.18221
1.02873
0.992228
0.996391
1.03728
0.99429
1.09962
1.1566
1.08036
1.11686
1.08366
1.08779
1.05225
1.0717
1.09115
1.12146
1.01179
1.08798
1.05957
1.14834
1.16463
1.11045
1.0814
1.07974
1.18426
1.10135
1.0315
1.11398
1.15201
1.07677
1.0244
1.02012
1.13606
1.05554
1.09611
1.14476
1.08084
1.18453
1.15067
1.13987
1.11347
1.00444
1.0204
1.08682
1.03442
1.10033
1.24432
1.40983
1.22557
1.08403
1.09951
1.1834
1.16507
1.11782
1.0313
1.10168
1.02603
1.14797
1.12889
1.00717
1.25845
1.19749
1.04326
1.06229
1.03421
1.02454
1.07768
1.10215
1.08126
1.08126
1.19039
1.07467
1.08326
1.09015
1.14638
1.13289
1.09977
1.16938
1.24638
1.06229
1.00622
1.00491
1.0953
1.11022
1.13877
1.24377
1.0829
1.11215
1.07996
1.04784
1.12198
1.04657
1.12964
1.18254
1.16756
1.23534
1.12385
1.13103
1.08204
1.04864
0.964102
1.03232
1.10884
1.00737
1.06415
1.02995
1.12514
1.06247
1.04027
1.01126
1.02386
1.00242
1.01391
1.07667
1.04896
0.999733
1.04366
1.0177
1.01447
1.06006
1.06561
1.07663
1.10225
1.01527
1.00307
0.979541
1.06862
1.00698
1.07355
1.07428
0.976671
0.97327
1.01639
1.03177
0.993702
1.02095
1.0327
1.04733
1.24349
0.969966
0.958667
0.958667
0.983938
0.996507
0.995359
1.00396
0.998516
0.999581
1.10949
1.05521
0.96544
0.989537
1.03669
1.14587
1.08035
0.964132
0.969471
0.962039
0.986637
1.04956
1.01984
1.05792
1.05614
1.05026
1.02673
1.14471
1.05105
1.05445
1.05052
1.08381
1.06596
1.12642
1.06575
1.04899
1.0998
1.0566
1.13071
1.02514
1.00832
1.02907
1.11922
1.04385
1.03195
1.04851
1.01575
1.04518
1.05209
1.1623
1.07374
1.05104
1.09535
1.12775
1.04845
1.11024
1.10786
1.15096
1.19961
1.14342
1.1537
1.16579
1.11793
1.13519
1.08342
1.06196
1.06771
1.13961
1.18674
1.07089
1.06917
1.04723
1.08716
1.16541
1.0289
1.07727
0.98085
0.962039
1.06709
1.07472
1.05591
0.995658
1.02033
1.00434
0.975332
1.04637
1.03773
1.10027
1.07174
0.996331
1.00501
1.0663
1.09841
1.0356
1.04401
1.00891
1.00006
1.04921
1.14113
0.979541
0.979541
1.02274
1.01997
0.97081
1.02142
0.96073
1.04524
1.05448
1.04214
0.97327
0.983266
0.988282
0.988282
0.969966
1.02579
1.06135
1.05762
1.09065
1.05439
1.05172
1.09797
1.05074
1.10121
1.10442
0.972035
0.973338
0.99515
1.02366
0.967409
0.967409
1.07106
1.07106
1.01294
0.987194
0.987516
1.14129
1.14287
1.13887
1.00709
1.03238
1.06589
1.05594
1.0218
0.986219
1.02644
1.02137
0.977423
0.96073
1.03349
1.03349
1.02224
1.03154
0.990902
0.996507
1.04267
1.10412
1.0002
1.0381
1.08663
1.14645
1.08368
1.04877
1.03182
1.04421
1.0296
1.10272
0.999546
1.18134
1.03987
1.06167
1.05246
1.01304
1.03954
1.09509
1.14675
1.15479
1.20001
1.12758
1.14002
1.13553
1.12587
0.997969
1.09216
1.15985
1.06109
1.02066
1.1622
0.994974
0.994002
1.03393
1.1242
1.07603
1.06942
1.01011
1.08717
1.02117
1.03927
0.978091
1.01801
1.08279
1.05466
1.03678
1.00703
1.00834
1.09192
1.13021
1.13172
0.989365
1.06403
1.07192
1.08886
1.06983
1.00266
0.900561
0.992408
0.957482
0.909003
0.909003
0.994144
0.968272
1.02002
1.02917
1.02917
1.03742
1.04489
1.11218
1.11202
1.00622
1.00566
1.00637
1.14879
1.19444
1.12171
1.02353
1.06904
1.0116
1.03171
1.03775
1.03003
1.03853
1.01587
0.974112
1.03385
1.04141
1.01087
1.0711
0.998019
0.936144
0.932084
1.01809
1.01735
1.00911
0.990312
1.02246
1.06037
0.999122
0.969591
0.997999
1.02723
1.02578
0.999289
0.919437
0.913166
0.954132
1.05936
1.14554
0.945303
0.982306
0.931967
0.921435
0.936461
0.896463
0.896463
0.942097
0.977676
0.962167
1.02325
0.95818
0.926851
0.947079
0.963736
0.8944
1.00637
1.00407
1.13077
1.01466
1.09121
1.03766
0.971526
1.10078
1.02104
1.00104
1.01128
1.08651
1.11123
0.995588
0.995194
0.932712
0.928781
1.19059
1.14437
1.05069
1.0238
1.02301
1.1553
1.05027
0.983585
1.02976
1.03733
1.02662
0.993773
1.00647
1.02529
1.02811
1.01362
1.04258
1.06998
1.0293
1.10039
1.11023
1.09595
1.22591
1.00044
0.980384
0.989261
0.991706
1.01283
0.976266
0.987431
1.02178
1.11061
0.993644
1.06935
1.01696
1.01567
1.04629
1.04733
1.03868
1.00803
1.03735
1.05089
1.03322
1.0507
1.07639
1.02148
1.03411
1.04871
1.06405
1.01682
0.897772
0.942495
0.89977
0.952058
0.92098
0.947614
0.999636
0.933359
0.970287
0.981521
0.95948
0.947468
0.913156
1.02219
0.942028
0.945502
1.02121
0.978546
1.13847
1.06153
0.989175
1.00803
1.08786
1.00385
1.02827
1.02644
1.17525
1.11437
1.04045
1.04045
1.07381
1.01968
1.0165
1.16799
1.07362
1.07499
1.051
1.03716
0.996703
0.997214
1.03716
1.00638
0.911857
0.959494
0.965328
0.992161
1.07588
1.08249
0.960282
0.979822
1.05615
0.982317
0.961163
1.03248
0.981814
1.05941
0.965229
0.963652
0.89977
0.897254
0.91303
1.00433
1.01954
1.01954
1.07878
1.05655
1.05258
1.08094
1.07827
1.18086
1.06533
1.04905
1.07484
1.00033
1.01131
1.0441
1.04448
1.04391
0.928226
0.913156
0.957561
0.996881
1.07487
1.02518
1.11645
0.989607
0.989607
0.976896
0.980327
0.980866
0.991706
1.09745
1.07888
1.16981
1.02376
1.08683
1.0093
1.06573
0.946801
0.918623
0.941237
0.989825
1.01854
0.928226
0.940434
0.951168
0.971994
0.919671
0.939123
0.986737
1.00803
1.02722
1.16893
1.0972
1.08776
0.998497
0.969767
0.92098
0.919671
0.9184
0.955398
0.968109
1.04306
1.09437
1.05365
0.992001
1.02815
1.02169
0.974573
0.992411
0.984569
0.998818
1.05941
1.09239
1.01062
0.977944
1.13857
1.14774
1.0318
1.00478
1.13498
1.02558
1.0227
1.02404
1.02404
1.00681
1.00681
1.04086
1.09314
1.00343
1.0884
1.16432
1.10775
1.07386
1.10203
1.10203
1.06734
1.04761
1.0495
1.07818
1.10457
1.12356
1.10394
1.11486
1.13495
1.24841
0.976231
1.01703
1.01668
1.07214
1.00954
0.985131
0.968663
1.05824
0.993608
0.977405
1.01786
1.06727
0.991796
0.976096
1.00623
1.1656
1.08971
1.00767
1.01824
0.986502
0.974033
1.02523
1.06404
1.109
1.05923
1.10788
1.10379
1.07576
1.10723
1.09881
1.11918
1.09535
1.11896
0.974922
0.991442
1.03949
1.01048
0.995055
0.996023
1.2094
1.22933
1.01254
1.00653
1.00322
1.14562
1.17487
1.20294
1.22923
1.12619
1.0738
1.06702
1.07245
1.12283
1.07964
1.10971
1.22451
1.20259
1.23432
1.25162
1.23043
1.08384
1.06552
1.01779
1.06015
1.06901
1.01431
1.00752
1.04199
1.04199
1.04113
1.03
1.06452
1.05442
1.12199
1.12895
1.03293
1.09553
1.08221
1.1053
1.00185
1.01757
0.994045
0.994045
0.999415
1.01515
1.11491
1.02517
1.03895
1.08481
1.08305
1.06693
1.00185
1.03054
1.02535
1.04482
1.05582
1.02296
1.1248
1.00606
1.02147
1.02719
1.04417
1.13093
1.19167
1.14877
1.0366
1.05362
1.04009
1.04754
1.03939
1.08731
1.04833
1.02119
1.02473
1.04544
1.00952
1.06935
1.04774
1.05121
1.17785
1.17003
1.15793
1.17996
1.15522
1.07134
1.02578
1.12152
1.02914
1.05876
1.02701
0.973053
1.02606
0.930651
0.928589
0.930651
0.992893
0.978359
0.949149
0.988051
1.06548
1.02665
1.07542
1.06482
1.10016
1.15491
1.06774
1.09557
1.12976
1.15735
1.15183
1.02405
1.02405
1.09384
1.05714
1.06665
1.03148
1.06998
1.08126
1.02456
1.06816
1.00682
1.04029
1.04653
1.10138
1.12699
1.10018
1.0781
1.09351
1.0339
1.02977
1.03184
1.0954
1.21438
1.15643
1.18403
1.09464
1.09284
1.0394
1.02483
1.01422
1.00493
1.07345
1.06343
1.08097
1.05681
1.12252
1.00532
1.04708
1.05812
1.12226
1.12226
1.11976
1.10977
1.14702
1.04889
1.09664
1.06592
1.1432
1.10569
1.0143
1.04205
1.03769
1.04487
1.00918
1.01231
1.05167
1.07229
1.04574
0.960755
0.965768
0.971585
0.947069
0.979
0.936554
0.963594
1.00057
0.952439
0.957138
1.06123
1.06123
1.09322
1.06827
1.07965
1.0225
1.04934
1.10813
1.10643
1.08708
1.03089
1.10064
1.09209
1.06057
1.01422
1.0412
1.11409
1.0546
1.11446
1.0813
1.06365
1.05882
1.0201
1.10027
1.11444
1.07099
1.03486
1.07915
1.19057
1.04462
0.941197
0.955762
0.975224
1.00198
0.989822
0.933765
1.13454
1.06624
1.08529
1.12237
1.02913
1.02929
0.999068
0.999068
1.00708
1.03025
1.03401
1.07644
1.04386
1.02527
1.04017
1.04554
1.11332
1.16
1.07904
1.01025
1.00702
1.02318
1.05616
1.03252
1.0433
1.01265
0.998984
0.99892
1.05333
1.04547
1.03687
1.03687
1.06266
1.0962
0.990136
0.978041
1.14376
1.0575
1.05073
1.0835
1.09147
1.01289
1.0144
1.09373
1.08872
1.07732
1.07731
1.05146
1.03612
1.0953
1.04255
1.04696
1.00904
1.0363
1.19176
1.01045
1.0621
1.05075
1.07091
1.03722
1.06922
1.05012
1.06541
1.1127
1.04909
1.07916
1.03467
1.02923
1.04689
1.0865
1.06409
1.02682
1.04168
1.05015
1.03556
1.01646
1.04753
1.0281
1.03671
1.0294
1.13873
1.15384
1.06337
1.04742
1.06882
1.05031
1.05162
1.0083
1.02309
1.04159
1.03978
1.02308
1.01118
1.01693
1.05156
1.18198
1.13769
1.14016
1.2204
1.00918
1.03834
1.07025
1.05452
1.08628
1.10659
1.06071
1.03657
1.01104
1.06249
1.09074
1.08966
1.09868
1.01922
0.994194
0.995613
0.993698
1.02491
1.11697
1.10971
1.0181
1.05381
1.04074
1.04811
1.09254
1.08657
1.08524
1.02568
1.03827
1.01051
1.01962
1.03239
1.10963
1.08295
1.13308
1.21678
1.19441
1.34202
1.07015
1.07015
1.09995
1.089
1.03934
1.00218
0.900561
0.947468
1.00701
1.12997
1.09909
0.980007
1.04366
1.0886
1.01632
0.993329
1.12897
1.06314
1.00793
1.06519
1.05911
1.03097
1.11664
0.989938
1.01353
1.02245
1.02653
0.993425
1.0618
1.01379
1.02352
1.01982
0.989175
1.00681
0.976635
1.03378
1.02767
1.02325
1.07026
1.02812
1.02812
0.994598
0.99666
1.11494
1.11492
1.00988
0.992054
1.00762
1.02665
1.08971
1.07719
1.10134
0.983367
1.1184
1.04197
1.02345
1.01005
1.00752
1.11607
0.988766
1.0112
1.00218
0.983397
0.979995
0.998733
0.985365
0.994598
1.01526
0.997424
1.01782
1.01011
1.05886
0.993363
0.985365
1.06939
1.10499
1.06519
1.02328
1.03118
1.08143
1.0399
1.23571
1.11169
1.16102
0.992971
0.979789
0.978332
0.993272
0.972962
0.973154
0.971091
0.997142
1.07116
1.11035
1.11135
0.972962
0.971091
0.977688
0.973089
1.00814
1.01629
1.03167
1.05819
1.03303
0.995093
0.969782
0.973154
1.00148
1.09245
1.11556
1.07156
1.09651
1.00006
1.00422
1.02619
1.0317
1.09057
1.11563
1.03599
0.971091
1.00396
1.04571
0.98423
0.997853
0.976186
1.01383
0.993221
0.972318
0.97569
0.976223
1.03066
1.035
1.01554
0.967719
1.09768
0.970988
0.967681
1.03429
1.04049
1.01277
1.04147
1.01234
1.04343
1.04108
1.01646
1.01262
1.01071
1.12264
1.03298
0.991845
1.04319
1.05784
1.01409
1.016
0.971053
1.03379
1.04998
1.05183
0.978523
1.0349
1.08569
1.02285
1.0568
1.02794
0.971091
0.979853
1.09482
1.03507
0.965619
0.965619
0.986572
1.01766
1.06115
0.99303
1.0092
1.02233
0.976269
0.976269
1.04085
0.98633
1.02833
1.09104
0.994168
0.998805
0.976334
0.976334
0.979789
1.00017
1.00046
0.969782
1.05109
0.975063
1.03635
1.03509
1.07381
1.03714
1.13033
1.17347
1.15383
1.07614
1.14155
1.14244
1.13562
1.10556
1.17862
1.11166
1.16562
1.14252
1.0782
1.12448
1.11937
1.1111
1.15411
1.1766
1.15587
1.08361
1.09161
1.09144
1.19078
1.01928
0.995588
1.13616
1.0995
1.01935
0.895192
0.918717
0.900626
0.895192
0.899835
0.899835
0.979337
0.987363
0.986573
1.05467
1.08395
1.0446
1.01864
1.04512
0.948193
0.89977
0.903933
1.08686
1.10945
1.0351
1.02046
1.04792
1.00518
1.04527
1.034
0.977944
1.01312
1.08611
1.04321
1.00793
1.02463
1.02403
0.954588
1.0118
0.941822
0.916583
0.8944
0.898563
0.8944
0.895192
0.928761
0.926635
1.05836
1.07831
0.8944
0.960677
0.9893
0.969714
0.996766
0.948097
0.984805
0.97462
0.911857
0.911857
0.932195
0.896463
0.935402
1.01104
1.01133
0.909003
1.01133
1.0229
1.04101
1.01289
0.988606
0.986964
0.95951
1.08797
0.970741
0.983054
1.06518
1.00484
1.03455
1.05829
1.00148
1.00264
1.03176
1.017
1.06647
1.01534
1.09559
1.06685
1.0535
1.036
1.07277
1.03642
1.03642
1.04282
1.03928
1.18782
1.21697
1.11011
1.06695
0.99903
0.909794
1.01182
0.960282
0.958245
0.922744
0.946983
0.913948
0.931691
0.986364
1.02428
1.01977
1.03004
1.02238
1.01706
1.02868
1.04139
1.02085
1.03381
0.987453
1.0059
1.00602
1.04164
1.14372
1.09708
1.05394
0.97202
0.967621
0.897254
0.898563
0.949437
0.915274
0.95508
0.901833
0.978239
1.01879
0.99174
0.937453
0.956903
0.970783
0.931092
0.914302
0.897254
0.957925
0.992391
0.921952
0.896463
0.936365
0.96617
1.00752
1.02464
0.983395
0.964578
1.01593
0.92098
0.900626
0.901833
0.933695
0.914044
0.951273
0.996379
0.974235
0.909003
0.912374
1.13276
0.953027
0.909003
1.0597
0.959231
1.00813
0.898563
0.918623
0.896463
0.923296
1.01652
1.01876
1.08017
1.09905
1.11714
1.08926
0.994045
1.01184
1.01221
1.00978
0.999415
1.06636
1.02775
1.04396
1.0413
1.02169
1.02169
1.05454
1.06388
1.04485
1.01988
1.0638
1.12901
1.12339
1.10939
1.01964
1.00978
1.06493
1.0284
1.0284
1.13363
1.06521
1.01852
1.15806
1.12116
1.05614
1.01817
1.01817
0.996108
1.02517
0.997417
1.0284
1.02296
1.0284
1.00185
1.05655
1.00191
1.01721
1.10957
1.117
1.03096
1.03977
1.00978
0.990048
1.01122
0.94466
0.988672
0.991389
0.965857
0.979239
0.937825
0.944756
0.969004
0.96827
0.94466
1.03277
1.01084
1.00902
1.02639
1.03924
1.05924
1.00407
1.07982
1.06883
1.02195
1.01692
1.00298
1.07767
1.00505
1.02443
0.966279
0.956379
0.912239
0.971661
0.980868
0.966712
0.924762
0.953829
0.953072
0.913253
0.898563
0.920643
0.933359
0.930995
0.895192
0.901833
0.921678
0.920887
0.951053
0.913948
0.988046
1.02582
0.998455
1.0281
0.897254
0.938128
0.932855
0.947614
0.920643
0.945446
0.913211
0.918581
0.897254
0.900626
0.917673
0.898563
0.897772
0.914302
0.913948
0.913156
0.94103
1.02242
0.931014
0.900626
1.08422
0.947523
0.947468
0.929341
0.971739
0.927051
0.944512
0.977175
0.995201
1.00321
0.930289
1.021
0.979503
0.992358
0.996408
1.02276
1.01627
1.06305
0.99486
1.01832
1.01361
0.978226
1.03768
1.02461
1.01598
0.994529
1.03526
1.0042
0.994116
0.992839
1.01581
1.03832
0.953874
0.899835
0.914044
0.951009
0.954121
1.01177
0.963787
0.920887
0.896463
0.89977
0.993444
0.985709
1.00208
0.991771
0.983712
0.985753
1.01757
1.00746
0.993352
1.01128
0.984628
0.984048
1.01716
1.04644
1.02818
1.02484
0.964901
0.997503
1.02999
1.01503
1.08937
1.02735
1.02518
0.988715
0.988715
1.0654
1.01476
1.02088
1.01559
0.995771
1.02614
0.986111
0.976175
0.976676
0.967934
1.01132
0.955859
0.937061
0.897772
0.895192
0.902624
0.8944
0.916402
0.936968
0.936968
0.896463
0.896463
0.916402
1.00824
1.04497
1.05745
1.03985
1.07763
1.04166
1.13343
1.04549
0.984738
1.0215
1.02002
1.00167
0.897254
0.896463
0.895192
0.951168
0.92991
0.951249
0.924806
0.921952
0.93903
0.993722
0.989504
1.01666
0.909794
0.909794
0.927759
0.909794
0.943146
1.05444
1.04847
1.1142
1.03832
1.02125
1.01605
0.990374
0.991675
1.05478
1.04866
1.05664
1.04593
1.14238
1.16091
0.993644
0.983699
1.00385
1.02829
0.998273
0.984238
1.05978
1.01714
1.06826
1.09182
1.05973
0.91303
0.979304
1.01533
0.955694
0.955694
0.909794
0.948356
0.915274
0.928913
0.919671
0.919671
0.897772
0.895192
0.912239
0.912239
0.955694
0.911857
0.911857
0.909003
0.928761
0.950905
0.980395
1.09305
1.03412
0.896463
0.935765
0.913948
0.898563
0.970104
0.939643
0.8944
0.897772
0.905996
0.918623
0.903142
0.918581
0.94854
0.94854
0.918581
0.913211
0.927855
0.914437
0.932528
0.914437
0.914437
0.942355
0.974118
0.8944
0.8944
0.895192
0.8944
0.898563
0.895192
0.926034
0.902624
0.9184
0.974154
0.942552
0.937434
1.027
1.16758
1.12208
1.03732
0.959145
0.911065
0.993771
0.965795
0.927426
1.0065
1.06086
0.983596
0.979535
0.990733
1.01471
1.02384
1.01907
1.03484
1.00253
0.993141
1.00287
0.99966
0.896463
0.896463
0.936144
0.934082
0.954132
0.913156
0.899835
0.923741
0.990005
0.992227
0.958201
0.95951
0.982625
1.00203
1.01935
1.0555
1.01289
0.981689
1.02137
1.02525
0.991655
1.00931
1.08717
1.04549
1.02543
1.09263
1.09718
1.00568
1.03141
1.00575
0.992375
1.03952
1.06355
1.14283
1.02713
1.03293
1.03688
1.0338
1.00427
0.971526
1.00238
0.984688
0.981594
1.02407
1.00409
1.00409
1.05969
1.04192
0.997859
1.00034
1.0231
1.01498
1.04322
1.01845
1.02586
1.0503
1.01166
1.05433
1.08856
0.989008
1.05576
1.10063
1.10721
1.03618
1.00155
1.03014
1.04408
0.976266
0.972835
0.97499
1.04491
1.04338
1.04205
1.02398
1.02277
1.05699
0.978091
0.974112
0.988275
1.00573
1.0254
1.00646
1.02529
1.00282
0.984066
1.03009
1.01343
1.00144
1.00475
1.04759
1.05383
0.990374
0.989122
1.03167
1.00142
1.02857
0.988904
0.905204
0.914044
0.947518
0.924087
0.895192
0.898563
0.898563
0.946495
0.918623
0.900626
0.909003
0.895192
0.8944
0.957355
0.927343
0.9556
0.943884
0.958219
0.947523
0.930033
0.8944
0.915274
0.923043
0.927842
0.897772
0.914302
0.946801
0.923971
0.897772
0.927642
0.959166
0.919317
0.913156
0.927842
0.929405
1.01119
0.994235
1.07165
1.01489
0.965872
1.00428
1.00151
1.06279
1.0461
1.03278
1.00433
1.02453
1.06551
1.06676
1.02237
1.05783
1.08554
1.02621
1.08561
1.01018
0.978226
1.01747
1.02057
1.04135
1.07534
1.00274
1.0181
1.14982
1.01319
1.04969
1.01703
1.02652
1.04857
1.00305
1.03266
1.14906
1.11958
1.10145
1.10145
1.01175
1.01126
1.0319
1.02987
1.01853
0.997614
0.98038
1.03926
1.00241
1.09964
1.0375
0.996911
1.00372
1.063
1.10117
1.15446
1.04754
1.08297
1.04704
0.995072
1.01515
0.973822
0.973642
0.986046
1.08603
0.898563
0.988287
0.918646
0.923834
0.903933
0.927842
0.927842
0.931342
0.929405
0.959763
1.00059
1.03546
0.915274
0.949574
0.947037
0.914002
0.914002
0.950458
0.960358
0.920887
0.915093
0.930197
0.897254
0.915093
0.930422
0.900561
0.898563
0.900561
0.919372
0.928134
0.992943
0.928712
0.897254
0.895192
0.924259
0.922744
0.903933
0.970636
0.898563
0.972608
0.951768
0.916402
0.8944
0.926635
0.899835
0.956485
0.939517
0.914002
0.926851
0.965272
1.0361
0.954899
0.954899
0.924762
0.902624
0.903142
0.897254
0.939698
0.897254
0.91303
0.917673
0.8944
0.8944
0.913211
0.975487
0.909003
0.909003
0.975338
0.909003
0.923043
0.921952
0.915274
0.949711
0.946293
0.929113
0.927642
0.895192
0.913253
0.917926
0.962821
0.956396
0.932617
1.05109
1.00967
0.919437
0.928712
0.950964
0.948864
0.950905
0.901833
0.936556
0.96335
0.913166
0.911065
0.911065
0.943861
0.954276
0.89977
0.897254
0.955892
0.936711
0.929341
0.895192
0.895192
0.945367
0.920463
0.897254
0.89977
0.9184
0.895192
0.914302
0.918646
0.914002
0.914002
0.935279
0.942824
0.929405
1.00213
0.950936
0.909794
0.965246
0.903142
0.900561
0.8944
0.919317
0.988915
1.09569
0.909003
0.909794
0.895192
0.895192
0.895192
0.953874
1.00549
0.948721
0.897254
0.914437
0.914437
0.978114
0.978114
0.936269
0.934483
0.900561
0.927343
0.931342
0.961486
0.89977
0.89977
0.897254
0.918646
0.954381
0.954381
0.990485
0.915274
1.04542
0.898563
0.898563
0.8944
0.930289
0.932796
0.923296
0.936365
1.01168
0.913156
0.902624
0.89977
0.995008
0.919414
0.955122
0.897772
0.921772
0.957504
1.06886
0.978091
0.982422
0.989122
0.994921
0.996642
1.01898
0.983461
0.990161
1.05936
0.971526
1.00015
0.895192
0.931342
0.937253
0.931883
0.991136
0.917609
0.952064
0.960147
0.939643
0.902624
0.897254
0.919414
1.04914
1.02679
1.03526
1.07256
1.00826
1.00572
0.996815
1.0302
0.991583
1.01496
1.0684
1.08989
1.05634
1.00305
1.00628
1.13546
0.968795
0.950956
0.939065
0.935758
0.921678
0.900561
0.923971
0.941704
0.937067
0.8944
0.965795
0.980613
0.900626
0.900626
0.913156
0.913156
0.919671
0.921678
0.970869
0.947037
0.952407
0.929341
0.921952
0.918581
0.912374
0.909003
0.909794
0.8944
0.998704
0.903933
0.933012
1.05217
0.91303
0.8944
0.94953
0.92098
0.939516
0.967186
0.966443
0.999704
0.918581
0.896463
0.92855
0.933012
0.967527
0.895192
0.954923
0.911065
0.927855
0.943146
0.922744
1.05064
1.05238
1.01001
1.06712
0.968452
1.02223
1.01665
0.971618
1.00916
0.976896
0.933012
0.895192
0.897772
0.897772
0.959231
0.989528
0.957235
0.942898
0.956903
0.959491
0.918623
0.977012
0.96621
0.96508
1.01145
0.985021
1.0142
1.01049
0.997113
1.05474
1.07356
1.06155
1.01648
1.01648
0.9962
1.03177
1.08249
0.994848
0.986129
1.01846
1.02924
1.02556
0.99733
0.985034
1.01053
0.987082
1.02331
0.991706
0.981523
0.974898
0.977052
1.00241
1.00121
1.02153
0.97611
1.01588
1.08093
1.06943
0.99308
1.03161
0.968208
0.97027
0.968272
0.991143
0.966942
1.02454
0.958201
0.993822
1.02179
1.03538
1.00312
1.0117
0.996421
0.978091
0.998106
0.979482
1.01162
0.98038
0.99544
1.00578
0.992069
0.986945
1.03332
1.028
0.996953
1.01774
1.0103
1.001
1.01343
0.986892
0.981523
0.992892
0.994617
0.999098
1.02032
0.983526
0.997614
0.997836
0.971526
0.983596
1.03875
1.07801
1.02299
1.05422
1.03832
1.03088
1.04664
1.07018
1.06062
1.0135
1.03996
1.00946
1.00412
0.985343
1.00282
1.00656
0.994131
1.0084
0.996178
0.991583
0.976266
0.978803
1.00355
1.12548
1.02224
0.931214
0.917374
0.897254
0.900561
0.926825
0.953983
0.96274
0.954905
0.970062
0.927113
0.945132
1.09753
1.05373
1.01683
1.00992
1.02305
1.02015
1.00585
1.05632
1.0083
0.97611
1.03002
1.08626
1.063
1.06516
1.03736
0.981463
0.97499
1.00045
0.988316
1.03454
1.00685
0.978803
0.990674
1.01507
0.980246
0.990226
0.980327
1.04881
0.998179
1.01598
1.09846
0.978318
1.00865
1.00456
0.999098
1.00628
1.02834
1.00039
0.994955
1.03311
0.97499
1.01176
1.0372
1.03722
0.995502
1.01209
1.0613
0.9962
0.992828
0.986129
0.991251
1.01995
1.02703
1.00881
1.00471
1.00437
1.02277
1.03276
0.997037
0.997037
1.05973
1.03392
1.03517
1.00921
0.993444
0.924259
0.903142
1.02899
0.926825
0.896463
0.905204
0.943146
0.959065
0.944891
0.952866
0.917374
0.966376
0.952219
0.952872
0.895192
0.928781
0.980412
0.930422
0.927343
0.951073
0.951073
0.942898
0.900561
0.905996
0.926321
0.897254
0.905204
0.999675
0.8944
0.8944
0.8944
0.8944
0.902624
0.9184
0.911065
0.948749
0.909794
0.909794
0.969435
0.961432
0.92797
0.899835
0.934146
0.956737
0.983366
0.917673
0.953909
0.968486
0.946293
0.948874
0.948356
0.914044
0.903933
0.900626
1.02821
0.959048
0.956195
0.978468
0.95252
0.948842
0.909003
0.927759
0.915228
0.914302
0.998019
0.972811
0.903933
0.972883
0.986051
0.999771
0.949655
0.950905
0.965427
0.895192
0.8944
0.8944
0.984477
0.897772
0.897772
1.02474
0.952901
0.937253
0.938726
0.938726
0.929341
0.897254
0.895192
0.899835
0.918526
0.8944
0.930222
0.930197
0.897772
0.900626
0.8944
0.918623
0.917374
0.8944
0.8944
0.926851
1.00411
0.984114
0.927759
0.982819
0.911065
0.909003
0.896463
0.915611
0.965894
0.93974
0.909003
0.909003
0.946686
0.897772
0.933661
0.934972
0.924087
0.972888
0.987427
0.957578
0.927759
1.0281
0.944934
0.942355
0.946686
0.915274
0.8944
0.895192
0.92098
0.896463
0.896463
0.9491
0.9309
0.89977
0.8944
0.89977
0.936556
0.936556
0.937125
0.896463
0.896463
0.932617
0.945265
0.929705
0.918623
0.96293
0.940531
0.914044
0.895192
1.00353
1.021
0.954127
0.923043
0.966191
0.909794
0.932004
0.909003
0.959065
0.912374
0.916583
0.934151
0.91303
0.895192
0.917926
0.913166
0.898563
0.932133
0.930033
1.01826
0.931403
0.905204
0.898563
0.938332
0.927051
0.917926
0.93222
0.8944
0.8944
0.896463
0.978449
0.930033
0.914044
0.900561
0.989357
0.976543
0.966661
0.944891
0.946983
0.928712
0.91303
0.912239
0.8944
0.896463
0.895192
0.92991
0.934196
0.903933
0.930995
0.99468
0.992875
0.943069
0.951247
0.953335
0.98718
0.954173
0.915274
0.971661
0.957428
0.923296
0.901833
1.01665
1.0029
0.988589
0.997048
1.01084
1.00301
1.01195
1.01754
0.98811
1.04489
1.02631
1.11015
1.02217
1.02811
1.00552
1.00473
1.00082
0.916583
0.929405
0.914002
0.91303
0.89977
0.938225
0.915093
0.896463
0.934271
0.913253
0.952838
0.895192
0.915611
0.8944
0.950815
0.947037
0.926034
0.912239
0.923971
0.896463
0.897772
0.901833
0.901833
0.924259
0.895192
0.895192
0.916065
0.958283
0.995224
0.918623
0.89977
0.913211
0.932195
0.900626
0.936144
0.89977
0.918623
0.960205
1.01237
1.00756
0.954426
0.916583
0.8944
0.926825
0.897254
0.905204
0.983752
0.979482
1.00756
1.02193
1.00541
1.02313
1.06863
0.970741
0.974898
1.00146
0.990337
1.03029
1.04332
0.978205
1.01376
1.01319
0.998128
1.0093
0.992892
0.9895
1.03832
1.03016
1.0552
1.00151
0.973679
0.947788
0.92797
0.990797
0.903933
0.897254
0.901833
0.899835
0.913253
0.962533
0.93242
0.948297
0.912374
0.928647
0.895192
0.914044
0.900561
0.951009
0.897772
0.903933
0.92295
0.912374
0.913166
0.990999
0.916583
0.930033
0.900561
0.900561
0.913166
0.92991
0.912239
0.900626
0.899835
0.931598
0.919372
0.937156
0.99189
0.973037
1.0135
0.998475
0.99917
1.01911
1.00367
0.978091
1.0117
1.01402
0.992796
1.03703
1.09158
1.07743
1.04031
1.01436
1.05295
1.005
1.0117
0.996777
1.03724
1.07313
1.03109
1.03089
1.04309
1.03722
1.05904
0.978329
1.07844
1.02687
0.993773
1.00887
1.01053
0.974958
1.00296
0.999509
1.00638
0.991951
1.0247
1.05099
1.07012
1.01846
1.03211
1.03077
1.04113
1.02363
0.916402
0.8944
0.8944
0.897254
0.972146
0.946823
0.937434
0.952058
0.895192
0.896463
0.918717
0.91303
0.928226
0.931598
0.942355
0.968729
0.953983
0.902624
0.955398
0.971926
0.912374
0.911065
0.989663
0.95812
0.8944
0.8944
0.926851
1.10606
1.19933
0.979739
0.955694
0.909003
0.909003
0.919317
0.919317
0.896463
0.919372
0.897772
0.8944
1.01455
0.8944
0.905996
0.909003
0.911065
0.909003
0.913211
0.988545
0.919414
0.918623
0.930222
0.915611
0.916065
0.900561
0.918526
0.8944
1.00283
1.02292
1.08739
1.04547
0.946695
0.926825
0.905996
0.911065
0.909003
0.909003
0.909003
0.947037
0.897772
0.897254
0.918623
0.89977
0.89977
0.917609
0.99694
0.923741
0.89977
0.915274
0.89977
0.919671
0.961363
0.948128
0.913253
0.913211
0.951435
0.901833
0.8944
0.919437
0.915274
0.926851
0.8944
0.8944
0.897254
0.981574
0.929113
0.926825
0.939641
0.919317
0.928647
0.927855
0.917673
0.913211
0.967622
0.896463
0.895192
0.897772
0.898563
0.896463
0.895192
0.923043
0.971661
0.960822
0.943861
0.961247
0.8944
0.8944
0.896463
0.913253
0.8944
0.8944
0.901833
0.896463
0.951073
0.972883
0.966922
0.929341
0.909794
0.909003
0.8944
0.8944
0.897254
0.960515
0.89977
0.895192
0.900626
0.984044
0.923971
0.926851
0.8944
0.920887
0.895192
0.913156
0.917926
0.898563
0.898563
0.895192
0.905996
0.931092
0.949711
0.913156
0.930197
0.929341
0.927343
0.949656
0.919671
0.899835
0.91303
0.915611
0.929341
0.928134
0.919437
0.897254
0.8944
0.897254
0.903142
0.923741
0.902624
0.922744
0.8944
0.901833
0.990304
1.02177
0.909794
0.911065
0.912374
0.953312
0.95818
0.919671
0.920463
1.00087
0.911065
0.945377
0.927759
0.912374
0.911857
0.943861
0.927759
1.01594
1.06316
1.01591
1.04627
1.02373
1.04259
1.06325
1.05247
1.0303
1.08822
1.05
1.09162
1.0291
1.05904
1.0822
1.05207
1.08787
1.11253
1.07646
1.15436
1.11417
1.01028
1.08834
1.04537
0.99342
0.991615
1.0078
1.01742
1.01847
1.00275
1.06843
1.00975
0.969531
1.03002
1.01485
0.987172
1.00065
1.00423
1.02126
0.968222
0.971529
1.03457
0.992458
1.08662
0.992781
1.04271
0.996985
0.992699
1.00206
0.982628
1.07905
1.10296
1.10521
1.13026
1.13905
1.10521
1.09958
1.0144
1.07731
1.02244
0.983937
1.00073
0.985935
0.980565
0.980565
1.04345
1.0126
1.01375
0.994439
1.02338
0.973379
0.982031
0.980811
0.973379
0.973379
0.975441
0.97675
0.982031
0.997601
1.00705
1.01084
0.989218
1.00602
1.00783
1.04786
0.985935
0.989218
0.968222
0.96616
1.07922
1.09859
1.13384
1.10664
1.12845
1.13858
1.15064
1.15967
1.09386
1.0897
1.04888
0.97144
0.999346
0.968222
1.02588
1.12059
1.02172
0.989234
0.96616
0.976875
0.976875
1.04824
0.973503
0.96616
1.04647
1.15951
1.12138
1.10854
1.12387
1.00101
1.03641
0.992781
1.02624
0.980033
0.968222
1.03314
1.03231
1.03231
1.00289
1.00826
1.00489
1.01009
1.0048
1.04302
1.09493
1.00622
1.01365
1.0048
1.01339
1.0389
1.01827
1.00158
1.02029
1.02035
1.01813
1.00959
1.00289
1.02341
0.999519
0.999519
1.02357
1.02226
1.01827
1.00828
1.10433
1.01223
1.00489
1.01827
1.00695
0.999519
1.01009
1.00802
1.08672
1.05197
1.07729
1.04991
1.08298
1.11667
1.05197
1.09408
1.00826
1.00289
1.05719
1.05734
1.08179
1.06937
1.07209
1.08863
1.07523
1.07922
1.07323
1.04654
1.04654
1.11109
1.08835
1.03265
1.01023
1.00817
1.00495
1.00289
1.00817
1.02689
1.01837
1.01339
1.06683
1.01883
1.02341
1.01354
1.01354
1.00686
1.01223
1.05229
1.01698
1.00495
1.04462
1.0048
1.00826
1.00622
1.0048
0.999519
1.00695
1.02974
1.0481
1.05016
1.09127
1.07413
1.08742
1.00826
1.00289
0.999519
0.999519
0.999519
1.00802
1.01492
1.02502
1.03368
1.00489
1.00489
1.00695
1.03503
1.01813
1.22149
1.12702
1.10504
1.10209
1.05661
1.06687
1.06642
1.02019
1.01813
1.09147
1.05154
0.96616
0.968222
0.978294
1.01388
1.00511
1.0135
1.0129
0.974922
1.0063
1.0063
1.01675
0.998215
0.96616
0.972859
1.02986
0.968222
0.96616
0.973503
1.02637
0.974901
0.974901
1.00788
1.02382
1.03232
1.00937
0.989306
0.983946
0.978813
0.980078
0.97866
0.97866
0.982628
0.994697
0.992441
0.987909
0.983937
0.982628
0.982628
1.1471
1.12624
1.09738
1.09738
1.07976
0.985448
1.01745
0.998069
1.01288
0.990543
0.974812
0.973503
0.972859
1.07969
0.973592
0.968222
1.05425
1.00653
0.997793
0.978873
1.00638
1.14911
0.984916
0.984916
1.00814
0.976231
0.971529
0.999749
0.980033
0.994918
1.0327
0.994749
1.00068
0.97681
0.96616
0.971529
0.994025
1.00602
1.00405
1.05068
0.999375
0.971529
0.971529
0.99128
1.0144
0.994587
1.01707
1.01878
1.0421
0.980565
0.980565
1.04478
1.04592
1.04686
0.983937
0.985935
0.99727
1.01679
1.00193
1.00657
0.987253
1.01319
0.989069
0.97866
0.973379
0.975441
0.978748
0.973379
0.975441
0.994052
0.980565
0.980565
0.989328
0.987909
0.980565
0.99128
1.03039
1.00602
0.985846
0.989218
1.08258
1.05945
1.08715
1.05476
1.04926
1.05586
1.0046
0.982031
1.02246
1.06784
1.02905
1.02568
0.985935
0.989328
0.986
1.00073
0.986
0.983937
0.994504
1.04826
1.04826
1.0238
0.989328
0.992699
1.00073
0.987909
0.985846
1.03154
1.00952
1.01675
1.0129
1.01957
0.974664
0.981601
1.03557
1.02268
0.992606
0.974812
0.992458
0.978229
1.06046
0.96616
0.988591
0.980098
0.96616
0.96616
1.04189
1.05661
1.0235
1.0389
1.00622
1.02894
1.00158
1.05001
1.0048
1.00489
1.03155
1.00622
1.00495
1.04549
1.05098
1.05985
1.01068
1.00597
0.97681
0.999346
0.96616
0.972859
0.992606
0.994709
0.984916
0.971529
1.04884
1.00753
1.02812
0.995829
0.97144
1.00307
1.05729
1.05703
1.06951
1.10003
1.03698
0.989323
0.968222
0.968222
1.03366
0.999375
1.00144
1.04288
1.05597
1.00449
1.02232
0.96616
1.02229
0.984916
0.972859
0.96616
0.980033
0.980033
0.969531
0.968222
0.97681
0.973503
1.04155
1.00788
0.971529
0.990293
0.969531
0.993767
1.00198
0.991712
1.0615
1.01848
1.00256
0.980811
0.982141
1.00515
0.975441
0.97866
1.00264
1.01745
0.99199
1.01369
1.05051
1.01516
1.01426
0.97866
0.997504
0.997504
0.97675
0.973379
0.982141
0.98345
0.980078
1.00973
1.01079
0.985846
1.01885
0.996502
0.989069
1.0684
1.00064
1.00064
1.02387
1.04934
1.04818
1.04792
1.09198
0.98212
1.06153
1.04699
1.0204
1.0204
1.02583
1.02783
1.06712
0.980811
1.01417
1.03008
1.01089
0.973379
1.02757
0.991132
0.982628
0.989218
1.01935
0.983937
0.991369
1.03431
0.993278
1.163
1.05152
0.997811
0.992232
1.03063
0.984094
1.01885
0.995361
0.999865
0.992441
0.987998
0.982628
1.03
1.01079
1.02373
0.980565
0.994504
0.998689
1.00412
0.997827
0.997827
1.03584
0.982031
0.982031
0.973379
0.978748
1.06632
1.13449
1.0848
0.99199
1.00444
1.05537
1.05042
1.04827
1.04827
1.05033
1.06369
0.982141
0.973379
0.973379
1.00279
0.980078
0.975441
0.978748
0.980811
0.989218
1.00409
0.982031
1.00444
1.04562
0.980565
0.989306
0.995361
1.02807
1.02335
1.10476
1.07581
0.991216
0.987998
0.994697
0.983937
0.989328
1.00064
1.02698
0.99199
0.991216
1.02602
1.00479
0.980033
0.993517
0.981891
0.989379
0.96616
0.987325
1.01188
1.00438
0.974812
1.00405
0.99861
1.00389
0.976727
0.97144
0.969531
0.97681
0.968222
0.968222
0.989379
1.02827
0.974812
1.01296
0.96616
0.987172
0.99819
1.02025
1.005
1.01018
1.00812
1.01148
1.07453
1.07261
0.995663
0.995663
0.97681
0.991442
0.995055
1.00275
0.969531
0.981891
1.01793
1.00717
0.992856
1.01018
1.01594
0.97144
1.00144
1.05986
0.996812
0.990395
0.990395
0.990653
0.990653
0.985513
0.980078
1.00721
0.98212
0.985255
1.0043
0.987511
0.98212
0.98345
1.00705
1.01075
1.02617
0.980565
0.991132
0.984029
0.985448
1.09442
1.00444
0.978748
0.980722
0.995361
1.08005
0.980078
0.985846
1.07183
0.987253
1.06879
0.992232
0.980565
0.986
0.980811
0.980078
0.973379
0.973379
0.984094
1.0053
0.984183
0.99861
0.968222
0.968222
1.00604
0.974664
0.96616
0.973503
0.995055
0.973592
1.00452
0.97144
0.974922
0.985262
1.00275
1.00405
0.993517
0.96616
1.00474
1.00068
1.00405
0.978036
1.02923
0.994749
1.00503
1.01182
0.976231
1.00367
0.96616
0.989685
1.03675
1.00735
1.05569
1.03366
1.00369
0.978873
0.999289
1.00175
1.01099
0.976671
0.976671
0.985328
1.04367
1.02173
0.992844
1.00526
0.972035
0.962069
0.967503
1.01301
0.978707
0.972873
1.08235
1.02936
0.964102
0.969501
0.986502
0.984569
0.975336
0.9661
0.967409
0.958667
0.96073
0.962039
0.978569
0.972035
0.972035
1.0056
0.975332
0.976641
1.01444
0.97752
0.987419
0.968663
1.06247
0.98088
0.958667
0.979541
0.992026
1.04065
1.00999
1.00666
0.991872
0.962039
0.996582
0.994519
0.992886
0.964102
0.990588
0.985154
0.991796
0.967438
0.977478
1.02303
0.968663
0.958667
0.96073
0.987419
0.993174
1.01394
0.999537
0.973338
0.962069
0.964132
1.00313
1.11437
1.11623
1.01709
1.0003
1.00599
1.03879
0.985328
1.02236
1.00904
0.962069
0.964132
0.964037
0.999042
0.96073
0.962069
0.962069
0.96544
0.975336
0.992149
0.97081
1.00627
1.06785
1.08646
0.967409
0.984911
0.984911
0.996216
0.998278
0.968663
0.968663
0.981876
1.00552
0.967409
1.00003
0.972035
0.974033
0.986502
1.00131
0.9661
0.9661
0.969471
0.962069
0.958667
0.97752
0.983938
0.9943
0.979541
0.987194
0.958667
0.958667
0.968663
0.989537
0.985342
1.0101
0.97081
1.00057
0.964037
0.983938
0.96544
0.979907
0.964037
0.989621
0.993608
0.974033
0.974033
0.987419
1.0003
0.984911
0.982848
0.958667
0.986219
1.02619
0.993135
0.964037
0.985131
0.98088
0.9661
1.00999
0.97327
0.97327
0.975332
0.975332
1.00212
0.97327
0.975332
1.01464
1.01586
0.98794
0.994211
0.987419
1.01099
1.04777
0.958667
0.958667
0.967438
0.968663
0.962039
0.979878
1.01317
1.01447
0.990618
1.04805
1.00297
0.992844
0.998278
0.986502
0.96073
0.990588
0.982793
0.958667
1.00698
0.994907
0.990846
0.994211
0.988238
0.993672
0.983279
0.96544
0.96073
0.982848
0.969471
0.97081
0.991118
0.991318
0.962039
0.962039
0.988819
0.990501
0.968663
0.992844
0.988238
0.969501
0.962069
0.958667
1.0217
0.98197
0.979907
0.99161
0.989621
1.00215
0.968663
0.975401
0.993873
0.96544
0.979878
0.958667
0.958667
1.0475
0.983266
0.99399
0.985247
1.02268
1.02183
1.0587
0.976096
0.974033
0.992789
1.00063
1.00192
1.03218
0.986502
0.96544
0.96544
0.987805
0.964037
0.986219
1.00188
0.996487
0.997009
0.994211
1.00688
0.976506
0.97327
0.97327
1.07192
0.98194
0.958667
0.962069
0.972029
1.00757
0.977399
0.974033
0.975336
1.015
0.996271
0.96073
0.987563
0.987563
0.994211
1.00688
0.964132
0.964132
0.994907
0.987474
0.978569
0.977405
0.993608
0.964037
0.983266
1.01804
1.02839
0.999734
1.0018
0.986637
0.983266
0.983266
1.02957
0.977423
0.975401
0.968663
0.988565
0.962069
0.978704
1.00029
0.980922
0.996546
1.1027
0.975401
0.975401
0.964102
0.988238
1.00131
0.983279
1.01076
1.02311
1.0098
0.976671
0.99719
0.96073
0.995233
1.03814
1.02807
0.994907
0.962069
0.967438
0.97752
1.01118
1.02778
0.983266
0.976671
0.97327
0.976671
1.0297
1.02129
0.986631
0.986631
1.00535
0.995658
1.02159
0.969966
1.00503
0.958667
0.958667
0.978704
1.00999
1.00161
0.969966
0.988777
0.97752
0.995237
1.00054
0.958667
0.958667
0.988555
0.976506
0.980825
0.996552
0.989621
0.977423
0.958667
0.993873
0.968663
1.01973
0.999537
0.994689
0.979541
0.980043
0.984569
1.00202
1.00103
1.02333
1.02383
0.989868
1.02019
1.00346
1.01109
0.990301
0.964132
0.962069
0.962069
1.08619
1.09781
1.0768
1.07661
1.06439
1.06636
1.08214
1.05962
1.03592
0.967438
0.96544
0.986314
1.02583
0.990301
0.991318
0.994303
1.0056
1.0016
0.958667
0.96073
0.976096
1.00634
0.972029
0.987474
0.988722
0.987419
0.977478
0.991796
1.0044
0.994092
0.975336
0.958667
0.975401
0.996453
1.00734
0.986637
0.986637
0.976641
0.976671
0.97327
1.03679
0.975332
1.01107
0.99338
0.977478
0.970726
0.975336
0.975336
0.999733
0.96544
0.964132
0.96073
0.972029
1.02294
0.994092
0.958667
0.976506
0.982942
0.96073
0.986502
0.987805
0.97327
0.975332
1.01816
0.980043
1.02472
1.00878
0.992122
0.992122
0.984569
0.986631
1.02443
0.97327
0.978704
0.9661
0.958667
0.993105
0.964037
0.958667
0.962069
0.976641
0.979541
0.985247
0.983279
0.979907
0.976506
0.958667
0.962039
0.967503
0.977478
0.96073
0.970726
0.976506
0.977423
0.982105
0.980043
1.03126
0.994907
0.970726
1.01126
0.98088
0.987419
0.970726
1.00468
1.02224
0.969966
0.969966
0.970726
0.972035
0.964132
1.01834
0.991936
0.972029
0.989868
0.987474
0.970726
0.970726
0.988777
0.972029
1.01192
0.988238
0.976506
0.962039
0.97752
0.970726
1.0373
0.96544
0.958667
1.00006
0.968663
0.97081
0.962039
0.990618
0.981876
0.96073
0.97081
1.00054
0.981876
0.976671
0.97327
1.03959
0.96073
0.96073
0.962039
1.01453
0.987516
0.974033
1.02236
0.99161
0.99161
0.982848
0.982848
1.00441
0.984251
0.9661
0.96073
0.96544
0.969966
0.968663
0.997213
0.997213
0.975332
0.975332
1.04573
0.978734
0.967438
0.985277
1.05896
1.06308
1.07185
1.11659
1.11044
1.00242
0.994147
1.01396
0.99164
0.976506
1.04294
0.986631
0.986314
0.968663
0.974098
0.958667
1.0104
0.964037
0.993672
1.00868
0.986249
1.01187
0.99084
0.987474
0.993239
0.962069
0.998505
0.982913
0.988526
1.00073
0.975332
0.97752
0.99164
0.97327
0.976671
0.986637
0.983266
0.983266
0.983266
0.983266
0.97327
0.97327
0.97327
0.998234
0.982193
0.96073
0.962069
0.98289
0.958667
1.03227
0.993174
0.987474
0.969966
0.962039
0.967503
0.998604
0.969501
0.96073
0.981876
0.968663
0.996216
0.999537
0.976506
0.958667
0.958667
0.962069
1.02447
0.96073
0.976641
0.980043
1.0064
0.968663
0.99161
0.964037
0.985154
0.985154
0.99164
0.964132
0.981876
0.974033
0.974098
0.975401
1.00737
0.964132
0.9661
0.958667
0.977478
1.01225
1.0016
0.99973
1.00548
0.975336
0.962039
0.964132
0.964132
0.958667
0.96073
0.990618
1.00401
0.98085
0.983266
0.97327
0.96073
0.995011
1.00015
0.962039
0.96544
0.958667
0.979467
1.01699
0.98734
0.964132
0.986291
0.969966
0.990846
0.96073
0.9661
0.975332
1.00441
0.999581
0.96073
0.987516
0.975401
0.98085
0.982193
0.962069
0.962039
0.981876
0.969501
0.996782
0.98088
0.993105
1.01411
1.0135
0.97752
1.07955
1.03756
0.995128
0.988238
0.981876
0.96544
0.995658
0.958667
0.973338
0.999673
0.993135
0.991796
0.993135
0.99161
0.972035
0.962069
0.969471
0.977423
0.977423
0.968663
0.988238
0.982793
0.997559
0.987419
0.96073
0.970726
0.967438
0.972873
0.982793
0.972029
0.974033
0.976506
0.976506
0.962069
0.958667
0.967409
0.982793
0.982793
0.985595
0.977423
0.976506
0.964132
0.96073
0.96073
0.962039
0.958667
0.967438
0.97327
0.978734
1.00688
0.988722
0.964037
0.972873
0.958667
0.958667
1.0009
0.986631
1.02202
1.00456
1.01311
0.97327
0.969501
0.967503
0.970726
0.970726
0.964132
0.98289
0.98289
0.993672
1.011
0.958667
0.958667
0.967438
0.991318
0.988777
0.967409
0.990301
0.958667
0.972029
0.974098
0.977405
0.968663
1.02007
0.996884
0.964102
0.962039
0.96073
1.00997
0.972035
0.974098
0.962069
0.97081
0.958667
0.958667
0.990711
0.976096
0.968663
0.964102
0.964037
0.967438
0.975336
0.962039
0.96073
0.982942
0.975336
0.968663
0.968663
0.98085
0.977478
0.99875
0.992149
1.00297
1.00977
0.958667
0.962039
0.979541
0.991796
0.979878
0.962069
0.962039
0.964037
0.968663
0.962069
0.992237
0.992237
0.962069
0.958667
0.962039
0.96073
0.988238
1.04765
0.974033
0.958667
0.969471
0.964037
0.978707
1.0176
0.967438
0.958667
1.03356
0.982848
0.968663
0.968663
0.992149
0.99973
0.96073
0.958667
0.962069
0.962039
0.962039
1.02537
0.991796
0.968663
0.968663
0.972029
0.999733
0.990301
1.0206
0.99973
0.96544
0.967409
1.06233
0.9661
0.978569
0.97752
0.969471
0.977423
1.01916
0.97752
1.01049
0.98088
0.990501
0.970726
0.96544
0.958667
0.982942
0.984251
0.964102
0.974098
0.993174
0.967409
0.96544
0.96544
0.968663
0.97752
0.958667
0.958667
0.972029
0.994907
1.00662
1.00662
0.976671
0.986631
0.983266
0.985328
0.983266
0.972029
0.964037
0.958667
0.992189
0.992909
0.964102
0.976506
0.987419
0.976096
0.9661
0.96544
1.02678
1.00796
1.00999
0.992026
0.978734
0.986637
0.97327
0.978704
0.984569
0.983266
0.985328
0.986637
0.996453
0.97752
0.98085
0.985342
1.00855
0.969966
0.968663
0.968663
1.0687
1.01517
1.03691
0.989734
0.989868
0.989874
0.964037
0.958667
0.988777
1.00225
0.996884
0.97327
0.97327
0.97327
0.984569
0.98794
0.993239
1.01005
1.02016
1.02445
1.03011
0.967438
0.99855
0.964037
0.985154
0.979878
0.979541
0.958667
0.96073
0.988238
0.991318
1.02046
1.01887
0.969471
0.958667
0.967409
0.995233
0.964132
0.967438
1.01056
1.00291
1.00338
1.0297
0.984569
0.984569
0.986631
0.982105
0.982848
0.983279
0.988526
0.974033
1.0176
1.0176
1.03171
0.962039
0.96073
0.989621
0.974033
0.974033
0.968663
0.991318
1.04314
1.05364
0.99338
0.99567
0.996979
0.99161
1.0204
0.958667
0.958667
0.964037
0.96073
0.992122
0.976506
0.970726
0.962039
0.962039
0.96073
0.98088
0.98088
0.988238
0.967409
0.962039
0.962039
0.974098
1.00242
0.972035
0.999537
0.99161
1.0104
1.00938
0.983279
0.982848
0.977478
0.991318
0.958667
0.958667
0.958667
0.96073
0.96073
0.970726
0.972029
0.967409
0.989734
0.969501
0.967438
0.958667
0.958667
0.991118
0.991118
1.05467
0.986194
0.974033
1.0505
0.987474
0.987805
0.962039
0.964102
0.96073
0.9661
0.967409
0.962069
0.968663
0.968663
0.958667
0.958667
0.962069
0.964132
0.969501
0.968663
0.968663
0.9661
0.96073
1.00679
0.975332
0.97327
1.00662
1.00878
1.00878
1.02332
1.00793
0.9661
0.958667
0.97327
1.00456
1.01464
1.0104
0.996782
0.993135
1.01304
0.992886
0.986219
0.9661
0.997626
0.964037
1.00859
0.964102
0.96073
0.991318
0.977478
0.964037
0.962039
0.964102
0.958667
0.958667
0.96073
0.996271
0.977423
0.96073
0.98085
0.970726
0.968663
0.99515
0.985595
0.962069
1.03549
0.987516
0.988777
0.98088
0.977423
0.964037
0.978707
0.958667
0.964102
0.958667
0.96073
0.978569
0.982848
0.964037
0.967409
0.964102
0.99338
0.988238
0.976506
0.962039
0.962039
0.970726
0.973338
0.970726
0.992844
0.988565
1.0056
0.9661
0.979541
0.96544
1.06594
0.986637
0.962069
0.987217
0.962039
0.964102
1.00843
0.967503
0.97081
0.97081
0.962069
0.962069
0.958667
1.00326
0.97081
1.00398
0.990846
0.976506
1.00101
0.962039
0.958667
0.958667
0.96544
0.97752
0.993672
0.99161
0.993702
0.992909
0.993608
0.964037
0.964102
0.962039
1.02179
0.977423
0.964102
0.958667
0.964132
0.992564
0.986249
0.96073
0.97081
0.985131
0.958667
0.995359
1.00757
0.967438
0.982942
0.962039
0.970726
0.969966
0.9943
0.990301
0.988238
0.968663
0.969966
0.968663
0.964037
0.964037
0.990902
0.967409
0.990301
0.96544
0.991118
0.962069
0.958667
0.988503
1.01569
0.964037
0.964037
0.958667
0.982193
0.962039
0.962039
0.958667
0.982942
0.96073
0.962069
0.988649
0.98289
0.962069
0.991118
0.962039
1.07232
0.976671
1.00698
1.01396
0.992844
0.988282
0.96544
0.964102
1.02272
0.96073
0.976506
0.964132
1.00152
1.10763
0.985595
0.974033
0.958667
0.958667
0.96073
0.984251
0.96073
0.977478
0.977405
0.974033
0.967409
0.969501
0.958667
1.04572
1.04169
1.03012
0.98085
0.96544
0.958667
0.964037
1.02368
0.982105
0.976671
0.97327
0.978734
0.986637
0.986637
0.983266
0.984569
0.983266
0.983266
0.983266
0.983266
1.03767
1.01648
0.976641
0.976641
0.985328
0.994907
0.96073
0.969966
0.996234
0.964037
0.958667
0.976671
0.976671
1.02336
1.0218
1.01002
1.04967
0.983266
1.0467
0.969471
0.958667
1.06906
0.958667
0.958667
0.96073
0.96073
1.01484
1.00662
1.00456
0.976671
1.05897
1.05262
0.992149
0.993702
0.968663
0.958667
0.995103
0.962039
0.962039
0.972873
0.991927
0.996453
0.976641
0.976641
0.992026
0.996795
0.984569
0.99164
0.964132
0.985595
0.96073
0.96073
1.01434
0.987563
0.991118
0.967409
0.967409
0.96073
0.964037
0.964037
0.964132
0.964132
0.96073
0.979907
0.964037
0.96073
0.990846
0.968663
0.988565
0.964102
0.958667
1.00215
0.978569
0.958667
0.962039
0.98088
0.97081
0.967438
0.962069
0.958667
0.962039
0.985247
0.985154
0.974033
0.974033
1.00535
1.00342
0.98794
0.998516
0.993608
0.97752
0.97752
0.962039
0.969966
0.987474
1.01865
1.0147
0.964037
0.967438
0.972873
0.977405
0.970726
0.958667
0.976096
0.984569
0.975332
0.977423
0.964132
0.972035
0.968663
1.04544
0.994519
0.958667
0.982848
0.99567
0.969471
0.967438
0.986249
0.969501
0.969501
1.01453
0.982793
0.992909
0.96544
0.962039
0.962039
1.03014
0.995524
0.976506
0.980825
1.01517
0.962069
0.962039
0.987563
0.9661
1.02137
0.980825
0.978569
1.03292
1.04027
0.979541
0.982848
0.992237
0.977478
1.01569
0.988526
0.986219
0.982942
0.988777
0.969966
0.968663
0.974033
0.958667
0.994211
0.969966
0.98077
1.0184
0.988565
0.968663
1.01866
0.969471
0.969471
0.96073
0.986502
0.999537
0.967409
0.967409
0.967409
0.982913
0.982848
0.978704
0.97327
0.976671
0.995427
1.03982
0.984569
0.9887
0.983266
0.976641
0.979541
0.978569
0.976506
0.977405
0.976096
0.962039
0.986314
0.96073
0.962039
1.00038
0.989621
0.984911
0.962069
0.962069
0.962069
0.964037
0.979467
1.09509
0.988565
0.988565
0.974033
1.03305
0.962069
0.958667
0.975336
0.994177
0.980825
0.993608
0.978707
0.969966
0.987419
0.976506
0.976506
0.976096
0.991118
0.96073
0.964037
0.964037
0.995243
0.977399
0.964037
0.967409
0.990846
0.967409
0.992257
0.992189
0.9661
0.962069
0.972035
0.970726
0.968663
0.958667
0.969966
0.987805
1.02064
0.968663
0.977423
0.969501
0.98731
0.96073
0.979541
0.982913
0.977478
0.968663
0.969966
0.958667
0.964037
0.995128
1.01528
1.05312
1.06604
1.01054
1.02371
1.01473
0.989379
0.980033
