44.1589
42.6006
43.976
38.8838
37.0859
36.2522
36.396
31.9561
33.5322
32.1684
31.7297
31.8747
31.7478
31.4617
29.0891
27.9715
27.9715
24.4367
24.4367
24.4367
24.4367
21.7873
22.2967
21.9345
21.0398
20.7093
20.6491
20.7093
19.9519
19.5978
19.9519
19.9414
19.9414
19.9414
19.9414
19.9414
19.9414
19.8497
21.1278
19.6687
19.8898
20.1306
20.2288
19.6852
18.5381
19.9609
19.9609
19.4809
19.5652
19.5652
19.401
19.1198
19.1198
18.9079
18.7761
18.6918
18.6918
18.6918
18.6918
18.6918
18.6918
18.6918
18.6918
18.6918
18.6918
18.6918
18.6918
18.6918
18.6918
18.6918
18.6918
18.6918
18.6918
18.6918
18.6918
18.6918
18.6918
18.6918
18.6918
18.6918
18.6918
18.6918
18.6918
18.6918
18.6918
18.6918
18.6918
18.6918
18.6918
18.6918
18.6918
18.6918
18.5759
17.9379
17.0307
17.0307
16.502
16.2828
16.2828
16.2828
16.1669
15.7638
15.6298
15.6298
16.3539
16.1669
15.9736
15.0296
15.0296
17.3542
16.6216
16.7366
16.8708
16.8708
16.8548
16.8708
16.8708
16.3358
15.9182
15.9318
15.9318
15.7719
15.7719
15.998
15.4022
15.836
15.836
15.836
15.836
15.836
15.836
15.836
15.836
15.836
15.836
15.836
15.836
15.836
15.3634
15.3634
15.403
15.5476
15.5476
15.5476
15.5476
15.5476
15.3149
15.3149
15.3149
15.3714
15.3714
15.3714
15.3714
15.3714
15.3714
15.3714
15.3301
15.3301
15.3714
15.3714
15.3714
15.3714
15.3714
15.3714
15.3714
15.3714
15.3714
15.3714
15.3714
15.3714
15.3714
15.3714
15.2265
15.2265
11.2689
12.0709
11.2689
11.0237
11.0237
11.0237
11.0616
11.0616
11.0237
11.0237
11.0237
11.0237
11.0237
11.0237
11.0237
10.6724
10.6724
10.6724
10.6124
10.6124
10.6124
10.6124
10.6124
10.6124
10.6124
10.6426
10.6816
12.0073
12.8655
12.4416
11.4312
11.3705
11.4876
11.4876
11.4876
11.8912
13.374
13.374
12.9386
12.4326
11.9173
11.5814
11.7423
11.6363
11.573
11.573
11.573
11.573
11.4538
11.4538
11.6671
11.6671
11.6895
11.6293
11.2614
11.2614
11.2614
11.2614
11.0347
11.5018
11.2614
11.2614
11.2614
11.2614
11.2614
11.2614
11.2614
11.2614
11.2614
11.2614
11.2614
11.2614
11.2614
11.2614
11.2614
11.2614
11.1341
11.1341
11.1341
11.1341
11.1341
11.1341
11.2614
11.2614
11.2614
11.2614
11.193
11.1527
11.1527
11.1527
11.1527
11.1527
11.0873
11.0873
11.0873
11.0873
11.0873
11.0873
11.1639
11.6348
11.4262
11.5914
11.5812
11.5812
11.5719
11.1527
11.1527
11.1527
12.6456
13.561
14.2624
12.919
12.919
11.8009
12.8607
12.9641
13.1026
13.121
12.9788
11.7421
11.3162
11.8644
11.7606
11.4536
11.8866
11.3928
11.3928
11.27
10.8615
10.8615
10.7221
10.6976
10.6976
10.6976
10.6976
10.6976
10.6003
10.6003
10.6731
10.6731
10.6731
10.6731
10.6731
10.6731
10.6731
10.3684
10.3684
10.5121
10.5121
10.5121
10.213
10.213
10.213
10.213
10.2926
10.2926
10.213
10.213
10.213
10.213
10.213
10.213
10.213
10.213
10.213
10.213
10.213
10.213
10.213
9.85637
9.85637
9.85637
9.85637
10.143
10.143
10.143
10.1492
10.1492
10.0588
10.3071
10.1492
10.3071
10.213
10.213
10.213
10.213
10.213
10.213
10.1677
10.213
10.213
10.213
10.213
10.213
10.213
10.213
10.213
10.213
10.213
10.213
10.213
10.213
10.213
10.213
10.213
10.213
10.213
10.213
10.213
10.213
9.989
9.989
10.3778
10.3778
11.3678
10.7259
10.7259
10.7259
10.213
10.3444
10.213
10.213
10.213
10.213
10.213
10.213
10.213
10.213
10.213
10.213
10.213
10.213
10.213
10.213
10.213
10.213
10.213
10.213
10.213
10.213
10.213
10.213
9.85637
10.213
10.213
10.213
10.213
10.1882
10.213
10.213
10.213
10.213
10.213
10.213
10.213
10.213
10.213
10.143
10.1013
10.0844
10.0844
10.0245
10.0313
10.0844
10.0844
9.91904
9.82188
9.82188
9.72592
9.732
9.732
9.33478
9.732
9.732
9.91904
9.91904
9.91904
9.91904
9.91904
9.91904
9.78585
9.78585
9.78585
9.78585
9.78585
9.67415
9.05077
9.05077
9.05077
9.64957
9.74798
9.25243
8.93907
8.93907
8.93907
8.93907
8.93907
8.93907
8.93907
9.5414
9.50929
9.50929
9.50929
9.50929
9.50929
9.50929
9.50929
9.50929
9.63585
8.93907
9.67415
9.67415
9.67415
9.67415
9.67415
9.67415
9.50929
9.50929
9.50929
9.50929
9.50929
9.50929
9.50929
9.67415
9.67415
9.6324
9.6324
9.67415
9.67415
9.6324
9.67415
9.67415
9.67415
9.67415
9.67415
9.67415
9.67415
8.93907
8.93907
8.93907
9.88437
9.32138
9.64352
9.64352
9.64352
9.67415
9.67415
9.67415
9.67415
9.67415
9.67415
8.93907
8.93907
8.93907
8.93907
8.93907
8.93907
8.93907
8.93907
8.93907
8.93907
8.93907
8.93907
8.93907
8.93907
8.93907
8.93907
8.93907
8.93907
8.93907
8.93907
8.93907
8.93907
8.93907
8.93907
8.93907
8.93907
8.99652
8.93907
9.05683
8.96578
8.95778
8.93314
8.93314
8.93314
8.93314
8.93314
8.93314
8.93314
8.93314
8.93314
8.93314
8.93314
8.93314
8.74609
8.75719
8.75719
8.74609
8.74609
8.74609
8.92837
8.74132
8.92914
8.92914
8.92837
8.92837
8.92837
8.92437
8.92437
8.92437
8.8623
8.8623
8.8623
8.8623
8.8623
8.8623
8.8623
8.8623
8.8623
8.8623
8.8623
8.8623
8.8623
8.8623
8.8623
8.8623
8.82443
8.82443
8.82443
8.82443
8.8623
8.8623
8.8623
8.8623
8.8623
8.8623
8.84335
8.84335
8.84335
8.84335
8.84335
8.8623
8.8623
8.8623
8.8623
8.8623
8.8623
8.8623
8.8623
8.8623
8.8623
9.61871
9.09028
8.88865
8.8623
8.8623
8.8623
8.8623
8.8623
8.8623
8.8623
8.8623
8.67037
8.67037
8.67037
8.67037
8.67037
8.67037
8.67037
8.67037
8.67037
8.67037
8.67037
8.67037
8.67037
8.67037
8.67037
8.67037
8.38094
8.38094
8.38094
8.91334
8.87705
8.77836
8.78163
8.85367
8.85367
8.85367
8.82677
9.06787
8.8721
8.78958
8.7737
8.96165
8.8721
8.78958
8.78958
8.99611
9.47911
9.02608
8.96165
8.81647
8.77853
8.77853
8.77853
8.77373
8.72426
8.72426
8.72426
8.71946
8.71946
8.69378
8.50359
8.54565
8.58783
8.58783
8.58783
8.58783
8.77373
8.74231
8.74231
8.87153
8.77373
8.54565
8.54565
8.51744
8.47735
8.43518
8.40789
8.38808
8.38808
8.38808
8.39714
8.39714
8.39714
8.34249
8.34249
8.34249
8.31144
8.31144
8.31144
8.31144
8.31144
8.31144
8.34249
9.20482
8.57508
8.85322
8.30588
8.67129
9.34571
8.93072
9.32683
8.9031
8.2643
9.09273
8.69882
8.59381
8.59381
8.59381
8.13192
7.90247
7.84817
7.79394
7.73703
7.74898
7.74898
7.7008
7.24076
7.24076
7.02515
7.01976
6.78881
6.67988
6.67988
6.67988
6.76256
6.64977
6.64977
6.6484
6.3045
6.3045
6.22968
6.22968
6.3045
6.3045
6.3045
6.3045
6.3045
6.3045
6.3045
6.3045
6.3045
6.3045
6.3045
6.3045
6.29928
6.3045
6.26511
4.20408
4.11849
4.05208
4.07528
4.05208
3.75843
3.75843
3.75843
3.75843
3.55337
3.55337
3.71222
3.73879
3.53373
3.53373
3.53373
3.50717
3.50717
3.50195
3.50195
3.50195
3.50195
3.50195
3.50195
3.77326
3.52431
3.50195
3.53373
3.66724
3.50195
3.66724
3.71576
3.79229
3.72058
3.51553
3.84562
3.72636
3.50195
3.50195
3.50195
3.50195
3.50195
3.50195
3.50195
3.50195
3.50195
3.50195
3.50195
3.50195
3.50195
3.50195
3.50195
3.50195
3.50195
3.50195
3.5373
3.50195
3.50195
3.50195
3.4709
3.4709
3.4709
3.4709
3.4709
3.4709
3.4709
3.4709
3.4709
3.4709
3.4709
3.4709
3.4709
3.4709
3.4709
3.4709
3.4709
3.4709
3.4709
3.4709
3.4709
3.46162
3.46162
3.46162
3.46162
3.46162
3.46162
3.46162
3.46162
3.46162
3.46162
3.46162
3.46162
3.46162
3.46162
3.46162
3.46162
3.46162
3.46162
3.46162
3.46162
3.46162
3.46162
3.46162
3.46162
3.46162
3.46162
3.46162
3.46162
3.46162
3.46162
3.46162
3.46162
3.46162
3.46162
3.46162
3.46162
3.46162
3.46162
3.46162
3.46162
3.46162
3.46162
3.46162
3.46162
3.66667
3.46162
3.46162
3.46162
3.46162
3.46162
3.46162
3.46162
3.46162
3.46162
3.46162
3.46162
3.46162
3.46162
3.46162
3.46162
3.46162
3.46162
3.46162
3.46162
3.46162
3.46162
3.46162
3.46162
3.46162
3.46162
3.88113
3.88113
3.55617
3.80156
3.707
3.46162
3.47519
3.47519
3.47519
3.47519
3.46162
3.46162
3.46162
3.46162
3.46162
3.46162
3.46162
3.46162
3.46162
3.46162
3.46162
3.46162
3.46162
3.46162
3.46162
3.46162
3.46162
3.64491
3.57481
3.46162
3.46162
3.46162
3.46162
3.46162
3.46162
3.46162
3.46162
3.46162
3.46162
3.46162
3.46162
3.46162
3.46162
3.46162
3.46162
3.46162
3.46162
3.46162
3.61027
3.57968
3.57968
3.57968
3.48384
3.49492
3.49492
3.46162
3.46162
3.46162
3.46162
3.46162
3.46162
3.46162
3.46162
3.46162
3.46162
3.46162
3.46162
3.46162
3.46162
3.46162
3.46162
3.46162
3.46162
3.46162
3.46162
3.46162
3.46162
3.46162
3.46162
3.46162
3.46162
3.46162
3.46162
3.46162
3.46162
3.46162
3.46162
3.46162
3.46162
3.46162
3.46162
3.46162
3.46162
3.46162
4.00175
3.46162
3.46162
3.46162
3.46162
3.46162
3.46162
3.46162
3.46162
3.46162
3.46162
3.46162
3.46162
3.46162
3.46162
3.46162
3.46162
3.46162
3.46162
3.46162
3.46162
3.46162
3.46162
3.46162
3.47519
3.46162
3.46162
3.46162
3.46162
3.46162
3.46162
3.46162
3.46162
3.46162
3.46162
3.46162
3.46162
3.46162
3.46162
3.46162
3.46162
3.46162
3.46162
3.51626
3.46162
4.08298
3.94872
3.51467
3.46162
3.86833
3.83984
3.83984
3.81802
3.83045
3.5744
3.5744
3.5744
3.5744
3.46534
3.46534
3.46162
3.46162
3.46162
3.46162
3.46162
3.46162
3.46162
3.46162
3.46162
3.46162
3.46162
3.46162
3.46162
3.46162
3.46162
3.46162
3.46162
3.46162
3.46162
3.46162
3.46162
3.46162
3.46162
3.46162
3.46162
3.46162
3.46162
3.46162
3.46162
3.46162
3.46162
3.46162
3.46162
3.46162
3.46162
3.46162
3.46162
3.46162
3.46162
3.46162
3.46162
3.46162
3.46162
3.46162
3.46162
3.46162
3.46162
3.46162
3.46162
3.46162
3.46162
3.46162
3.46162
3.46162
3.46162
3.46162
3.46162
3.46162
3.46162
3.46162
3.46162
3.46162
3.46162
3.46162
3.46162
3.46162
3.46162
3.46162
3.46162
3.46162
3.46162
3.46162
3.46162
3.46162
3.46162
3.46162
3.46162
3.46162
3.46162
3.46162
3.46162
3.46162
3.46162
3.46162
3.46162
3.46162
3.46162
3.46162
3.46162
3.46162
3.46162
3.46162
3.46162
3.46162
3.46162
3.46162
3.46162
3.46162
3.46162
3.46162
3.46162
3.46162
3.46162
3.46534
3.46162
3.46162
3.46162
3.46162
3.46162
3.46162
3.46162
3.46162
3.46162
3.46162
3.46162
3.46162
3.46162
3.46162
3.46162
3.46162
3.46162
3.46162
3.46162
3.46162
3.46162
3.46162
3.46534
3.46162
3.46162
3.46162
3.46162
3.46162
3.46162
3.46162
3.46162
3.46162
3.46162
3.46162
3.46162
3.46162
3.46162
3.46162
3.46162
3.46162
3.46162
3.46162
3.6037
3.6037
3.6037
3.46162
3.46162
3.51467
3.46162
3.46162
3.46162
3.46162
3.46162
3.46162
3.46162
3.46162
3.46162
3.46162
3.46162
3.46162
3.46162
3.46162
3.46162
3.46162
3.46162
3.46162
3.46162
3.46162
3.46162
3.46162
3.46162
3.46162
3.46162
3.46162
3.46162
3.56584
3.52702
3.60742
3.56584
3.56584
3.56584
3.56584
3.46162
3.46162
3.46162
3.46162
3.46162
3.46162
3.46162
3.46162
3.46162
3.46162
3.46162
3.46162
3.46162
3.46162
3.46162
3.46162
3.46162
3.46162
3.46162
3.46162
3.46162
3.46162
3.46162
3.46162
3.46162
3.46162
3.46162
3.46162
3.46162
3.46162
3.46162
3.46162
3.46162
3.46162
3.47519
3.46162
3.46162
3.46162
3.46162
3.46162
3.46162
3.46162
3.46162
3.46162
3.46162
3.46162
3.46162
3.46162
3.63548
3.46162
3.46162
3.46162
3.46162
3.47519
3.46162
3.46162
3.46162
3.46162
3.46162
3.46162
3.46162
3.46162
3.46162
3.46162
3.46162
3.46162
3.46162
3.46162
3.46162
3.46162
3.46162
3.46162
3.46162
3.46162
3.46162
3.46162
3.46162
3.46162
3.46162
3.46162
3.46162
3.46162
3.46162
3.46162
3.46162
3.46162
3.46162
3.46162
3.46162
3.46162
3.46162
3.46162
3.46162
3.46162
3.46162
3.46162
3.46162
3.46162
3.46162
3.46162
3.46162
3.46162
3.46162
3.46162
3.46162
3.46162
3.46162
3.46162
3.46162
3.46162
3.46162
3.46162
3.46162
3.46162
3.46162
3.46162
3.46162
3.46162
3.46162
3.46162
3.46162
3.46162
3.46162
3.46162
3.46162
3.46162
3.51626
3.46162
3.46162
3.46162
3.46162
3.46162
3.46162
3.46162
3.46162
3.46162
3.46162
3.46162
3.46162
3.46162
3.52127
3.46162
3.46162
3.46162
3.46162
3.46162
3.46162
3.46162
3.46162
3.46162
3.46162
3.46162
3.46162
3.51989
3.46683
3.46162
3.46162
3.46162
3.46162
3.46162
3.46162
3.46162
3.46162
3.46162
3.46162
3.46162
3.46162
3.46162
3.46162
3.46162
3.46162
3.46162
3.46162
3.72342
3.46162
3.72342
3.60696
3.60696
3.46162
3.46162
3.46683
3.46162
3.52702
3.91677
3.88823
3.73207
3.81202
3.77142
3.78353
3.628
3.85013
3.77142
3.77142
3.51154
3.51154
3.51154
3.53332
3.53332
3.53332
3.53332
3.51154
3.51154
3.51154
3.51154
3.51154
3.51154
3.51154
3.51154
3.51154
3.51154
3.51154
3.51154
3.51154
3.51154
3.51154
3.51154
3.51154
3.51154
3.51154
3.51154
3.51154
3.51154
3.51154
3.51154
3.51154
3.51154
3.51154
3.51154
3.51154
3.51154
3.51154
3.51154
3.51154
3.51154
3.51154
3.51154
3.5032
3.51154
3.51154
3.51154
3.51154
3.51154
3.51154
3.51154
3.51154
3.51154
3.51154
3.53332
3.55671
3.51154
3.51154
3.5032
3.5032
3.51154
3.51154
3.51154
3.51154
3.51154
3.5339
3.51154
3.51154
3.51154
3.51154
3.51154
3.51154
3.51154
3.51154
3.51154
3.51154
3.51154
3.51154
3.51154
3.51154
3.51154
3.51154
3.51154
3.51154
3.51154
3.51154
3.51154
3.51154
3.51154
3.51154
3.51154
3.51154
3.51154
3.51154
3.51154
3.51154
3.51154
3.51154
3.51154
3.51154
3.51154
3.51154
3.51154
3.51154
3.51154
3.51154
3.51154
3.51154
3.51154
3.51154
3.51154
3.51154
3.51154
3.51154
3.51154
3.51154
3.51154
3.51154
3.51154
3.51154
3.51154
3.51154
3.51154
3.51154
3.51154
3.51154
3.51154
3.51154
3.51154
3.5032
3.51154
3.51154
3.51154
3.51154
3.51154
3.51154
3.51154
3.46534
3.51154
3.51154
3.51154
3.51154
3.51154
3.51154
3.51154
3.51154
3.51154
3.51154
3.51154
3.51154
3.51154
3.51154
3.51154
3.51154
3.51154
3.51154
3.51154
3.51154
3.51154
3.51154
3.51154
3.51154
3.51154
3.51154
3.51154
3.51154
3.51154
3.51154
3.51154
3.51154
3.51154
3.51154
3.51154
3.51154
3.51154
3.51154
3.46534
3.46534
3.51154
3.51154
3.51154
3.51154
3.51154
3.51154
3.51154
3.51154
3.51154
3.46534
3.51154
3.51154
3.51154
3.51154
3.51154
3.51154
3.51154
3.51154
3.51154
3.51154
3.51154
3.65363
3.62433
3.62433
3.94785
3.69483
3.51676
3.51154
3.51154
3.51154
3.51154
3.51154
3.51154
3.51154
3.51154
3.51154
3.51154
3.51154
3.51154
3.51154
3.51154
3.51154
3.51154
3.51154
3.51154
3.51154
3.51154
3.51154
3.51154
3.52512
3.52512
3.51154
3.51154
3.51154
3.51154
3.51154
3.51154
3.51154
3.51154
3.51154
3.51154
3.51154
3.51154
3.51154
3.51154
3.51154
3.51154
3.51154
3.51154
3.51154
3.51154
3.51154
3.51154
3.51154
3.51154
3.51154
3.51154
3.51154
3.51154
3.51154
3.51154
3.51154
3.51154
3.63034
3.63034
3.51154
3.51154
3.51711
3.51711
3.51154
3.51154
3.4709
3.4709
3.4709
3.4709
3.4709
3.4709
3.4709
3.4709
3.4709
3.4709
3.4709
3.4709
3.4709
3.4709
3.46162
3.46162
3.46162
3.46162
3.46162
3.46162
3.46162
3.46162
3.46162
3.46162
3.46162
3.46162
3.46162
3.46162
3.46162
3.46162
3.46162
3.46162
3.46162
3.46162
3.46162
3.46162
3.46162
3.46162
3.46162
3.46162
3.46162
3.46162
3.46162
3.55617
3.46162
3.46162
3.46162
3.46162
3.46162
3.46162
3.46162
3.46162
3.46162
3.46162
3.46162
3.46162
3.48103
3.48103
3.48103
3.64396
4.41333
4.33046
3.54841
3.55363
3.59286
3.54841
3.54841
3.59108
3.59286
3.78422
7.55477
5.87291
5.35862
4.62895
4.28025
4.1911
4.15797
3.9562
3.86516
3.90383
3.76936
3.96406
3.96406
3.96406
3.96406
3.96406
3.96406
3.96406
3.96406
3.96406
3.96406
3.96406
3.96406
3.96406
3.96406
3.96406
3.96406
3.96406
3.96406
3.96406
3.96406
3.96406
3.94586
3.94586
3.95592
4.16679
4.07165
4.0379
3.96058
3.94237
3.94237
3.94237
3.96894
3.7823
3.77708
3.91485
3.89354
3.77708
3.77708
3.723
3.723
3.71778
3.70369
3.70369
3.70701
3.70701
3.70701
3.71222
3.71354
3.91387
3.91387
3.80639
4.32416
3.89178
3.78598
3.72058
3.81234
3.89735
3.79676
3.78318
3.74013
3.73136
3.67611
3.65463
3.67611
3.60557
3.57649
3.57649
3.564
3.564
3.564
3.564
3.564
3.564
3.564
3.564
3.564
3.564
3.564
3.564
3.564
3.564
3.564
3.564
3.564
3.564
3.564
3.55169
3.564
3.564
3.564
3.564
3.564
3.564
3.564
3.564
3.564
3.564
3.564
3.564
3.564
3.564
3.564
3.564
3.564
3.564
3.51094
3.51094
3.51094
3.51094
3.51094
3.51094
3.51094
3.51094
3.51094
3.51094
3.51094
3.51094
3.51094
3.51094
3.51094
3.51094
3.51094
3.51094
3.51094
3.51094
3.51094
3.51094
3.51094
3.51094
3.51094
3.51094
3.51094
3.51094
3.51094
3.51094
3.51094
3.51094
3.51094
3.51094
3.51094
3.51094
3.51094
3.51094
3.51094
3.51094
3.51094
3.51094
3.51094
3.51094
3.51094
3.51094
3.51094
3.51094
3.51094
3.51094
3.51094
3.51094
3.51094
3.51094
3.51094
3.51094
3.51094
3.51094
3.51094
3.51094
3.51094
3.51094
3.51094
3.51094
3.51094
3.59237
3.51094
3.52664
3.52664
3.51094
3.51094
3.51094
3.51094
3.51094
3.51094
3.51094
3.51094
3.48935
3.56211
3.52452
3.51094
3.49457
3.51999
3.51094
3.51094
3.54336
3.51094
3.51094
3.47641
3.47641
3.47641
3.51817
3.51817
3.47641
3.47641
3.47641
3.47641
3.47641
3.47641
3.47641
3.47641
3.47641
3.47641
3.47641
3.47641
3.47641
3.47641
3.47641
3.47641
3.47641
3.47641
3.47641
3.47641
3.47641
3.47641
3.47641
3.47641
3.47641
3.47641
3.47641
3.47641
3.47641
3.47641
3.47641
3.47641
3.47641
3.47641
3.47641
3.47641
3.47641
3.47641
3.47641
3.47641
3.47641
3.47641
3.47641
3.47641
3.47641
3.47641
3.47641
3.47641
3.47641
3.47641
3.47641
3.47641
3.87132
3.47641
3.7939
3.65092
3.47641
3.47641
3.77841
3.57097
3.47641
3.47641
3.47641
3.47641
3.47641
3.4709
3.4709
3.47641
3.47641
3.46162
3.53332
3.47641
3.55367
3.59317
3.48999
3.47641
3.47641
3.47641
3.47641
3.47641
3.47641
3.47641
3.47641
3.47641
3.47641
3.47641
3.47641
3.47641
3.47641
3.47641
3.47641
3.47641
3.47641
3.47641
3.47641
3.47641
3.47641
3.47641
3.47641
3.47641
3.47641
3.47641
3.47641
3.46534
3.46534
3.46534
3.46534
3.46534
3.46534
3.46534
3.46534
3.46534
3.46534
3.46534
3.46534
3.46534
3.46534
3.46534
3.46534
3.46534
3.46534
3.46534
3.46534
3.46534
3.46534
3.46534
3.46534
3.46534
3.46534
3.46534
3.46534
3.46534
3.48935
3.46534
3.46534
3.46534
3.46534
3.46534
3.46534
3.46534
3.46534
3.46534
3.46534
3.46534
3.46534
3.46534
3.46534
3.46534
3.46534
3.46534
3.46534
3.46534
3.46534
3.46534
3.46534
3.46534
3.46534
3.46534
3.46534
3.46534
3.46534
3.46534
3.46534
3.46534
3.46534
3.46534
3.46534
3.46534
3.46534
3.46534
3.46534
3.46534
3.46534
3.46534
3.46534
3.46534
3.46534
3.46534
3.46534
3.46534
3.46534
3.46534
3.46534
3.51999
3.46534
3.46534
3.46162
3.46162
3.46162
3.46162
3.46162
3.46162
3.57114
3.4709
3.89404
4.13391
4.13391
3.76308
3.85506
3.81055
3.81055
3.51467
3.51467
3.46534
3.46534
3.46534
3.46534
3.46534
3.46534
3.46534
3.46534
3.46534
3.46534
3.46534
3.46534
3.46534
3.46534
3.46534
3.46534
3.46534
3.46534
3.46534
3.46534
3.46534
3.46534
3.47891
3.46534
3.46534
3.46534
3.46534
3.46534
3.46534
3.46534
3.53074
3.59283
3.46534
3.46534
3.46534
3.46534
3.46534
3.46534
3.46534
3.46534
3.46534
3.46534
3.46534
3.46534
3.46534
3.46534
3.46534
3.46534
3.46534
3.46534
3.46534
3.46534
3.46534
3.46534
3.46534
3.46534
3.46534
3.46534
3.46534
3.46534
3.46534
3.46534
3.46534
3.46534
3.46534
3.46534
3.46534
3.46534
3.46534
3.46534
3.46534
3.46534
3.46534
3.46534
3.46162
3.46534
3.46534
3.46534
3.46534
3.46534
3.46534
3.46534
3.46534
3.46534
3.46534
3.46534
3.5599
3.46534
3.46534
3.46534
3.46534
3.46534
3.46534
3.46534
3.51665
3.46534
3.46534
3.46534
3.46534
3.46534
3.46534
3.46534
3.46534
3.46534
3.46534
3.46534
3.46534
3.46534
3.46534
3.46534
3.46534
3.46534
3.46534
3.46534
3.46534
3.46534
3.46534
3.46534
3.46534
3.46534
3.46534
3.46534
3.46534
3.46534
3.46534
3.46534
3.46534
3.46534
3.46534
3.46534
3.46534
3.46534
3.46534
3.46534
3.46534
3.46534
3.46534
3.46534
3.46534
3.46534
3.46534
3.46534
3.46534
3.46534
3.46534
3.46534
3.46534
3.46534
3.46534
3.46534
3.46534
3.46534
3.46534
3.46534
3.46534
3.46534
3.5599
3.5599
3.5599
3.5599
3.5599
3.5599
3.5599
3.5599
3.5599
3.5599
3.5599
3.5599
3.5599
3.5599
3.5599
3.5599
3.5599
3.5599
3.5599
3.5599
3.5599
3.5599
3.5599
3.5599
3.5599
3.5599
3.5599
3.5599
3.5599
3.5599
3.5599
3.5599
3.5599
3.5599
3.5599
3.5599
3.5599
3.5599
3.5599
3.5599
3.5599
3.5599
3.5599
3.5599
3.5599
3.5599
3.5599
3.5599
3.5599
3.66191
3.5599
3.5599
3.72146
3.72146
3.72146
3.5599
3.55617
3.55617
3.55617
3.5599
3.5599
3.5599
3.5599
3.5599
3.5599
3.5599
3.5599
3.5599
3.5599
3.5599
3.5599
3.5599
3.5599
3.5599
3.5599
3.5599
3.5599
3.5599
3.5599
3.5599
3.46534
3.46534
3.67268
3.5599
3.5599
3.5599
3.5599
3.5599
3.5599
3.5599
3.5599
3.5599
3.5599
3.5599
3.5599
3.5599
3.6112
3.5599
3.51839
3.51839
3.51839
3.51839
3.51467
3.51467
3.51467
3.51467
3.51467
3.51467
3.51467
3.51467
3.51467
3.51467
3.51467
3.51467
3.64216
3.51467
3.64216
3.51467
3.51467
3.76296
3.68375
3.51467
3.51467
3.51467
3.59296
3.53331
3.51467
3.51467
3.51467
3.51467
3.51467
3.51467
3.51467
3.51467
3.51467
3.51467
3.51467
3.51467
3.51467
3.51467
3.51467
3.51467
3.51467
3.51467
3.51467
3.51467
3.51467
3.51467
3.51467
3.51467
3.51467
3.51467
3.51467
3.51467
3.51467
3.51467
3.51467
3.51467
3.51467
3.51467
3.51467
3.51467
3.51467
3.51467
3.51467
3.51467
3.51467
3.51467
3.51467
3.51467
3.51467
3.51467
3.51467
3.51467
3.51467
3.46162
3.46162
3.46162
3.46162
3.46162
3.46162
3.51467
3.51467
3.51467
3.46162
3.46162
3.46162
3.46162
3.66014
3.51467
3.46162
3.46162
3.46162
3.46162
3.46162
3.46162
3.46162
3.46683
3.46683
3.47519
3.53859
3.51676
3.51154
3.59877
3.59877
3.63321
3.74545
3.99418
3.85631
3.85384
3.55339
3.66984
3.66984
3.64326
3.54817
3.55339
3.55339
3.54817
3.5371
3.54231
3.60123
3.54817
3.54817
3.48163
3.54817
3.64502
3.55339
3.52232
3.52232
3.48625
3.52232
3.52232
3.50842
3.5032
3.51711
3.51711
3.51711
3.51711
3.51711
3.51711
3.51711
3.51711
3.51711
3.51711
3.51711
3.51711
3.51711
3.51711
3.51711
3.51711
3.51711
3.53068
3.51711
3.5469
3.5469
3.61167
3.62417
3.83593
3.62417
3.62417
3.65846
3.62044
3.62044
3.62044
3.61167
3.61167
3.61488
3.61167
3.61167
3.6061
3.6061
3.59776
3.61167
3.6061
3.61167
3.56546
3.56546
3.56546
3.56546
3.56546
3.56546
3.56546
3.56546
3.56546
3.56546
3.61167
3.61167
3.56546
3.85189
3.57513
3.66968
3.71724
3.71724
3.98237
3.4709
3.95483
3.95483
3.95483
3.77885
3.77885
3.57513
3.6386
3.6386
3.57513
3.57513
3.57513
3.57513
3.57513
3.57513
3.57513
3.57513
3.57513
3.57513
3.57513
3.57513
3.57513
3.57513
3.57513
3.57513
3.57513
3.57513
3.57513
3.57513
3.57513
3.59914
3.59914
3.57513
3.57513
3.57513
3.57513
3.57513
3.57513
3.57513
3.57513
3.57513
3.57513
3.57513
3.57513
3.57513
3.57513
3.57513
3.57513
3.57513
3.56584
3.57513
3.57513
3.57513
3.57513
3.57513
3.57513
3.57513
3.57513
3.57513
3.57513
3.56584
3.57513
3.57513
3.57513
3.57513
3.57513
3.57513
3.57513
3.57513
3.57513
3.58063
3.57513
3.57513
3.57513
3.57513
3.57513
3.57513
3.57513
3.57513
3.57513
3.57513
3.57513
3.57513
3.57513
3.76
3.57513
3.57513
3.57513
3.57513
3.6386
3.6386
3.57513
3.57513
3.57513
3.57513
3.70706
3.78337
3.78337
3.86473
3.86473
3.57513
3.57513
3.57513
3.57513
3.57513
3.57513
3.57513
3.57513
3.57513
3.57513
3.57513
3.57513
3.57513
3.4709
3.4709
3.57513
3.4709
3.4709
3.4709
3.4709
3.4709
3.4709
3.4709
3.4709
3.4709
3.4709
3.46162
3.46162
3.46162
3.46162
3.46162
3.46162
3.46162
3.46162
3.46162
3.46162
3.46162
3.46162
3.46162
3.46162
3.46162
3.46162
3.46162
3.46162
3.46162
3.46162
3.46162
3.46162
3.46162
3.46162
3.46162
3.46162
3.46162
3.46162
3.46162
3.46162
3.46162
3.46162
3.46162
3.46162
3.46162
3.46162
3.46162
3.46162
3.46162
3.46162
3.46162
3.46162
3.46162
3.46162
3.46162
3.46162
3.46162
3.46162
3.46162
3.46162
3.46162
3.46162
3.46162
3.46162
3.46162
3.46162
3.46162
3.46162
3.46162
3.46162
3.46162
3.46162
3.46162
3.46162
3.46162
3.46162
3.46162
3.46162
3.46162
3.46162
3.46162
3.46162
3.46162
3.46162
3.46162
3.46162
3.46162
3.46162
3.46162
3.46162
3.46162
3.46162
3.46162
3.64491
3.46162
3.46162
3.46162
3.46162
3.46162
3.46162
3.46162
3.46162
3.46162
3.46162
3.46162
3.46162
3.46162
3.46162
3.46162
3.46162
3.46162
3.46162
3.46162
3.46162
3.46162
3.46162
3.46162
3.46162
3.46162
3.46162
3.46162
3.78877
3.46162
3.46162
3.46162
3.46162
3.46162
3.46162
3.46162
3.46162
3.46162
3.46162
3.46162
3.46162
3.46162
3.46162
3.46162
3.46162
3.46162
3.46162
3.46162
3.46162
3.46162
3.46162
3.46162
3.46162
3.46162
3.46162
3.46162
3.46162
3.46162
3.46162
3.46534
3.51154
3.46162
3.46162
3.46162
3.46162
3.46162
3.46162
3.46162
3.46162
3.46162
3.46162
3.46162
3.46162
3.46162
3.46162
3.46162
3.46162
3.46162
3.46162
3.46162
3.46162
3.46162
3.46162
3.46162
3.46162
3.46162
3.46162
3.46162
3.5032
3.46162
3.46162
3.46162
3.46162
3.46162
3.46162
3.46162
3.46162
3.46162
3.46162
3.46162
3.46162
3.46162
3.46162
3.46162
3.46162
3.50374
3.46162
3.46162
3.46162
3.46162
3.46162
3.46162
3.46162
3.46162
3.46162
3.46162
3.46162
3.48384
3.46162
3.46162
3.46162
3.46162
3.49696
3.46162
3.55367
3.98893
3.98893
3.46162
3.46162
3.46162
3.46162
3.46162
3.46162
3.46162
3.46162
3.46162
3.46162
3.46162
3.46162
3.46162
3.46534
3.48103
3.46162
3.46162
3.46162
3.46162
3.46162
3.46162
3.46162
3.46162
3.46162
3.46162
3.46162
3.46162
3.46162
3.46162
3.46162
3.46162
3.46162
3.46162
3.46162
3.46162
3.46162
3.46162
3.4709
3.4709
3.46162
3.46162
3.46162
3.46162
3.46162
3.46162
3.46162
3.46162
3.46162
3.46162
3.46162
3.46162
3.46162
3.46162
3.46162
3.46162
3.46162
3.46162
3.46162
3.46162
3.46162
3.46162
3.46162
3.46162
3.46162
3.46162
3.46162
3.46162
3.46162
3.46162
3.52127
3.52127
3.46162
3.46162
3.46162
3.46162
3.46162
3.46162
3.46162
3.46162
3.46162
3.46162
3.46162
3.46162
3.55724
3.46162
3.46162
3.46162
3.62787
3.74066
3.69958
3.69958
3.69958
3.62787
3.69898
3.80632
3.62264
3.62264
3.62264
3.54643
3.53223
3.53223
3.52702
3.52702
3.69048
3.5363
3.5363
3.5363
3.52702
3.54152
3.5363
3.5363
3.5363
3.5363
3.5363
3.5363
3.5363
3.47641
3.47641
3.47641
3.47641
3.47641
3.4709
3.4709
3.4709
3.4709
3.4709
3.4709
3.4709
3.4709
3.4709
3.4709
3.4709
3.4709
3.4709
3.4709
3.4709
3.4709
3.4709
3.4709
3.4709
3.4709
3.4709
3.4709
3.4709
3.4709
3.4709
3.4709
3.4709
3.4709
3.4709
3.4709
3.4709
3.4709
3.4709
3.4709
3.4709
3.4709
3.4709
3.47641
3.4709
3.4709
3.69531
3.4709
3.4709
3.4709
3.4709
3.4709
3.4709
3.4709
3.4709
3.4709
3.4709
3.4709
3.4709
3.4709
3.4709
3.4709
3.4709
3.4709
3.4709
3.4709
3.4709
3.7868
3.4709
3.4709
3.4709
3.4709
3.4709
3.4709
3.4709
3.4709
3.4709
3.4709
3.4709
3.4709
3.54266
3.4709
3.46162
3.56667
3.4709
3.4709
3.4709
3.4709
3.4709
3.54266
3.54266
3.54266
3.54266
3.54266
3.54266
3.54266
3.54266
3.54266
3.54266
3.54266
3.54266
3.53337
3.53337
3.53337
3.54266
3.54266
3.53337
3.53337
3.53337
3.53337
3.53337
3.54266
3.53337
3.53337
3.53337
3.53337
3.53337
3.53337
3.53337
3.53337
3.53337
3.53337
3.53337
3.53337
3.46162
3.89999
4.84692
4.21147
4.47988
4.21147
4.57318
4.37676
4.22801
4.3087
4.14666
3.94974
3.70478
3.65453
3.58802
3.58802
3.68155
3.58802
3.68155
3.58802
3.58802
3.51626
3.51626
3.51626
3.51626
3.51626
3.51626
3.51626
3.51626
3.51626
3.51626
3.51626
3.51626
3.52984
3.51626
3.54731
3.51626
3.51626
3.51626
3.52984
3.51626
3.54804
3.54804
3.51626
3.52984
3.52984
3.52984
3.52984
3.52984
3.52984
3.52984
3.52984
3.52984
3.52984
3.52984
3.52984
3.52984
3.52984
3.52984
3.57544
3.52984
3.52984
3.52984
3.52984
3.52984
3.52984
3.52984
3.51626
3.73356
3.64263
3.52984
3.52984
3.52984
3.52984
3.52984
3.59524
3.52984
3.52984
3.52984
3.52984
3.52984
3.52984
3.52984
3.52984
3.52984
3.52984
3.52984
3.52984
3.52984
3.52984
3.52984
3.52984
3.52984
3.52984
3.52984
3.52984
3.52984
3.52984
3.52984
3.52984
3.52984
3.52984
3.52984
3.52984
3.52984
3.52984
3.52148
3.52984
3.52984
3.52148
3.52148
3.52984
3.52984
3.52984
3.52984
3.52984
3.52984
3.52984
3.52984
3.52984
3.52984
3.52984
3.52984
3.52984
3.52984
3.52984
3.52984
3.52984
3.52984
3.52984
3.52984
3.52984
3.52984
3.52984
3.52984
3.52984
3.52984
3.52984
3.52984
3.52984
3.52984
3.52984
3.52984
3.52984
3.52984
3.52984
3.52984
3.52984
3.52984
3.59524
3.52984
3.52984
3.64629
3.52984
3.52984
3.52984
3.52984
3.49742
3.49742
3.52984
3.52984
3.52984
3.51626
3.62036
3.62036
3.95461
3.93728
3.77522
3.62946
3.79454
3.53862
3.93172
4.00727
3.71105
3.6514
3.6514
3.64761
3.53862
3.60024
3.60024
3.60024
3.67309
3.66367
3.61845
3.61845
3.6044
3.60341
3.60341
3.54362
3.54362
3.54362
3.55309
3.57954
3.539
3.54362
3.62009
3.58667
3.57954
3.57954
3.60902
3.6044
3.60902
3.60902
3.60902
3.60902
3.60902
3.60902
3.60902
3.60902
3.60902
3.60902
3.60902
3.60902
3.60902
3.60902
3.60902
3.60902
3.60902
3.60902
3.60902
3.60902
3.6044
3.60902
3.60902
3.60902
3.60902
3.60902
3.60902
3.60902
3.60902
3.60902
3.60902
3.60902
3.59188
3.59188
3.58216
3.58216
3.58216
3.58216
3.59188
3.58216
3.58216
3.58216
3.58216
3.58216
3.58216
3.58216
3.58216
3.58216
3.58216
3.58216
3.58216
3.58216
3.58216
3.58216
3.58216
3.58216
3.58216
3.61226
3.58216
3.58216
3.58216
3.58216
3.58216
3.58216
3.58216
3.58216
3.58216
3.58216
3.58216
3.58216
3.58216
3.58216
3.58216
3.58216
3.58216
3.58216
3.58216
3.58216
3.58216
3.58216
3.58216
3.58216
3.58216
3.58216
3.58216
3.58216
3.58216
3.57694
3.57694
3.57694
3.57694
3.53074
3.53074
3.53595
3.53595
3.53595
3.53595
3.53595
3.53223
3.52702
3.52702
3.52702
3.52702
3.52702
3.52702
3.52702
3.52702
3.52702
3.52702
3.52702
3.52702
3.52702
3.52702
3.52702
3.52702
3.52702
3.52702
3.52702
3.52702
3.52702
3.52702
3.52702
3.52702
3.52702
3.52702
3.52702
3.52702
3.5363
3.52702
3.52702
3.52702
3.5363
3.5363
3.52702
3.52702
3.52702
3.52702
3.52702
3.52702
3.52702
3.52702
3.52702
3.52702
3.52702
3.52702
3.52702
3.52702
3.52702
3.52702
3.52702
3.52702
3.52702
3.67568
3.67568
3.52702
3.52702
3.64347
3.95631
4.0956
4.59729
4.57446
4.50896
4.50896
4.28766
4.80526
4.72686
5.09432
6.6284
6.1054
4.60429
4.60429
4.60429
4.61992
4.61992
4.61992
4.46611
4.46611
4.46611
4.46611
4.39588
4.39588
4.39588
4.39588
4.39588
4.39588
4.39588
4.39588
4.39588
4.39588
4.39588
4.39588
4.25075
4.25075
4.39588
4.39588
4.39588
4.39588
4.39588
4.39588
4.39588
4.39588
4.39588
4.39588
4.39588
4.37314
4.39588
4.39588
4.39588
4.39588
4.39588
4.39588
4.39588
4.39588
4.39588
4.39588
4.39588
4.39588
4.39588
4.39588
4.39588
4.39588
4.39588
4.39588
4.39588
4.39588
4.39588
4.23658
4.23658
4.23563
4.23563
4.23563
4.23563
4.23563
4.23563
4.23563
4.23563
4.23563
4.23563
4.23563
4.23563
4.23563
4.23563
4.23563
4.23563
4.23563
4.23563
4.23563
4.23563
4.23563
4.23563
4.23563
4.23563
4.23563
4.23563
4.23563
4.09704
4.09704
4.18085
4.21385
4.21385
4.21385
4.21385
4.21385
4.21385
4.21385
4.21385
4.21385
4.21385
4.21385
4.21385
4.21385
4.21385
4.21385
4.21385
4.21385
4.21385
4.21385
4.21385
4.21385
4.21385
4.21385
4.21385
4.21385
4.21385
4.21385
4.21385
4.21385
4.21385
4.21385
4.21385
4.21385
4.21385
4.21385
4.21385
4.21385
4.21385
4.21385
4.21385
4.21385
4.15907
4.15907
4.15907
4.21385
4.21385
4.21385
4.21385
4.21385
4.21385
4.21385
4.21385
4.21385
4.21385
4.21385
4.21385
4.21385
4.21385
4.21385
4.21385
4.21385
4.21385
4.21385
4.21385
4.21385
4.21385
4.21385
4.21385
4.21385
4.21385
4.21385
4.21385
4.21385
4.21385
4.21385
4.21385
4.21385
4.21385
4.21385
4.21385
4.21385
4.21385
4.21385
4.21385
4.21385
4.21385
4.21385
3.98944
3.98944
4.21385
4.16626
4.12156
4.07526
4.07526
4.07526
4.07526
4.13777
4.06292
4.12156
4.12156
3.89715
5.0498
5.0498
4.11883
3.89715
4.12156
4.09
4.09
4.0752
4.08071
4.0752
4.0752
4.0752
4.0752
4.0752
3.97828
4.0752
4.0752
4.00344
4.00344
4.00344
4.00344
3.9681
3.9681
3.9681
3.9681
3.9681
3.9681
3.9681
3.9936
3.9681
3.9681
3.9681
3.9681
3.9681
3.9681
3.9681
3.80281
3.80281
3.80281
3.80281
3.80281
3.72183
3.72183
3.72183
3.72183
3.72183
3.70825
3.70825
3.70825
3.70825
3.70825
3.70825
3.70825
3.70825
3.70825
3.70825
3.70825
3.70825
3.70825
3.70825
3.70825
3.70825
3.70825
3.70825
3.48384
3.70825
3.70825
3.70825
3.70825
3.70825
3.70825
3.70825
3.70825
3.70825
3.70825
3.70825
3.70825
4.05539
3.85034
3.70825
3.61134
3.70825
3.70825
3.61134
3.61134
3.70825
3.61134
3.61655
3.61134
3.48384
3.48384
3.48384
3.48384
3.48384
3.48384
3.48384
3.48384
3.46162
3.48384
3.48384
3.48384
3.58807
3.48384
4.43078
3.5784
3.48384
3.78531
3.55136
3.55136
3.55136
3.54164
3.54164
3.48384
3.55136
3.55136
3.48384
3.48384
3.48384
3.48384
3.48384
3.48384
3.48384
3.48384
3.48384
3.48384
3.49492
4.25682
3.48384
3.48384
3.48384
3.48384
3.48384
3.48384
3.48384
3.48384
3.48384
3.48384
3.48384
3.48384
3.48384
3.48384
3.48384
3.48384
3.48384
3.48384
3.48384
3.48384
3.48935
3.48384
3.48384
3.48935
3.48384
3.48384
3.48384
3.48384
3.48384
3.48384
3.48384
3.48384
3.48384
3.48384
3.48384
3.48384
3.48384
3.48384
3.48384
3.48384
3.48384
3.48384
3.48935
3.48384
3.48384
3.63927
3.50293
3.49742
3.46162
3.46162
3.46162
3.46162
3.6006
3.48384
3.63927
3.63927
3.48384
3.48384
3.6006
4.68091
3.91586
3.91586
3.91586
3.91586
3.84085
3.84085
3.84085
3.84085
3.90541
3.84085
3.80085
3.63712
3.78268
3.78268
3.78268
3.63712
3.63712
3.63712
3.539
3.78268
3.62261
3.62261
3.539
3.539
3.539
3.539
3.539
3.539
3.539
3.539
3.539
3.59712
3.539
3.539
3.539
3.539
3.539
3.539
3.539
3.49742
3.47519
3.47519
3.47519
3.47519
3.47519
3.47519
3.47519
3.47519
3.47519
3.47519
3.47519
3.47519
3.47519
3.47519
3.47519
3.47519
3.57331
3.47519
3.47519
3.47519
3.47519
3.46162
3.46162
3.46162
3.46162
3.46162
3.46162
3.46162
3.46162
3.46162
3.46162
3.46162
3.46162
3.46162
3.46162
3.46162
3.46162
3.46162
3.46162
3.46162
3.46162
3.46162
3.46162
3.46162
3.46162
3.46162
3.46162
3.46162
3.46162
3.46162
3.46162
3.46162
3.46162
3.46162
3.46162
3.46162
3.46162
3.46162
3.46162
3.46162
3.46162
3.46162
3.46162
3.53409
3.51467
3.46683
3.66535
3.48906
3.80077
3.46683
3.48906
3.46683
3.46683
3.46683
3.46683
3.46683
3.46683
3.46683
3.46162
3.46683
3.46162
3.46162
3.46162
3.46162
3.46162
3.46162
3.46162
3.46162
3.46162
3.46162
3.46162
3.46162
3.46162
3.46162
3.46162
3.46162
3.46162
3.46162
3.46162
3.46162
3.46162
3.46162
3.46162
3.46162
3.46162
3.46162
3.46162
3.46162
3.48103
3.48103
3.47925
3.4709
3.4709
3.4709
3.4709
3.4709
3.4709
3.4709
3.4709
3.4709
3.4709
3.4709
3.4709
3.4709
3.4709
3.4709
3.4709
3.4709
3.4709
3.4709
3.4709
3.4709
3.4709
3.4709
3.4709
3.4709
3.4709
3.4709
3.4709
3.4709
3.4709
3.4709
3.4709
3.4709
3.4709
3.4709
3.4709
3.4709
3.4709
3.4709
3.4709
3.4709
3.4709
3.4709
3.4709
3.4709
3.4709
3.4709
3.4709
3.4709
3.4709
3.4709
3.4709
3.4709
3.4709
3.4709
3.4709
3.4709
3.53437
3.53437
3.4709
3.4709
3.4709
3.46534
3.46534
3.46534
3.46534
3.46534
3.46534
3.46534
3.46534
3.46534
3.46534
3.46534
3.46534
3.46534
3.46534
3.46534
3.46534
3.46534
3.46534
3.46534
3.46534
3.46534
3.46534
3.46534
3.46534
3.46534
3.46534
3.46534
3.46534
3.46534
3.46534
3.46534
3.46534
3.46534
3.46534
3.46534
3.46534
3.46534
3.46534
3.46534
3.46534
3.46534
3.50068
3.46534
3.46534
3.46534
3.46534
3.46534
3.46534
3.46534
3.46534
3.46534
3.46534
3.46534
3.46534
3.46534
3.46534
3.46534
3.46534
3.46534
3.46534
3.46534
3.46534
3.46534
3.46534
3.59283
3.46534
3.46534
3.46534
3.46534
3.46534
3.46534
3.46534
3.46534
3.46534
3.46534
3.46162
3.46162
3.46162
3.46534
3.46534
3.46162
3.57813
3.46534
3.46534
3.46534
3.46534
3.46534
3.46534
3.46534
3.46534
3.46534
3.46534
3.46534
3.46534
3.46534
3.46534
3.46534
3.46534
3.46534
3.46534
3.52924
3.46534
3.46534
3.56742
3.46534
3.46534
3.46534
3.46534
3.46534
3.46534
3.46534
3.46534
3.46534
3.46534
3.46534
3.46534
3.46534
3.46534
3.46534
3.46534
3.46534
3.46534
3.46534
3.46534
3.46534
3.46534
3.46534
3.46534
3.46534
3.46534
3.46534
3.46534
3.46534
3.46534
3.46534
3.46534
3.46534
3.46534
3.46534
3.46534
3.46534
3.46534
3.46534
3.46534
3.46534
3.46534
3.46534
3.46534
3.46534
3.46534
3.46534
3.46534
3.46534
3.46534
3.46534
3.46534
3.46534
3.46534
3.46534
3.46534
3.46534
3.46534
3.46534
3.46534
3.46534
3.46534
3.46534
3.46534
3.46534
3.46534
3.46534
3.46534
3.46534
3.46534
3.46534
3.46534
3.46534
3.46534
3.46534
3.46534
3.75715
3.48935
3.66906
3.46534
3.56956
3.56956
3.66906
3.66906
3.66906
3.66906
3.66906
3.66906
3.66906
3.66906
3.66906
3.66906
3.66906
3.66906
3.66906
3.66906
3.66906
3.66906
3.66906
3.66906
3.66906
3.66906
3.73446
3.68013
3.66906
3.66906
3.66906
3.66906
3.66906
3.66906
3.66906
3.66906
3.66906
3.66906
3.66906
3.66906
3.66906
3.46534
3.46534
3.46534
3.46534
3.46534
3.66906
3.66906
3.66906
3.66906
3.66906
3.66906
3.66906
3.66906
3.66906
3.66906
3.66906
3.66906
3.66906
3.66906
3.66906
3.66906
3.66906
3.66906
3.66906
3.72043
3.66906
3.66906
3.66906
3.66906
3.66906
3.66906
3.66906
3.66906
3.66906
3.66906
3.66906
3.66906
3.66906
3.66906
3.66906
3.66906
3.72212
3.72212
3.76362
3.78226
3.94155
3.84193
3.67828
3.47891
3.47891
3.47891
3.47891
3.47891
3.47891
3.47891
3.47891
3.47891
3.47891
3.47891
3.47891
3.47891
3.47891
3.47891
3.47891
3.47891
3.47891
3.47891
3.47891
3.47891
3.47891
3.47891
3.47891
3.47891
3.47891
3.47891
3.47891
3.47891
3.47891
3.47891
3.47891
3.47891
3.47891
3.47891
3.47891
3.47891
3.47891
3.47891
3.47891
3.47891
4.08194
3.61275
3.55067
3.47891
3.47891
3.47891
3.47891
3.47891
3.47891
3.47891
3.47891
3.46534
3.57854
4.21207
3.47891
3.47891
3.47891
3.95758
3.76303
3.47891
3.47891
3.47891
3.47891
3.47891
3.47891
3.47891
3.47891
3.47891
3.47891
3.47891
3.47891
3.47891
3.47891
3.72895
3.47891
3.47891
3.46534
3.46534
3.46534
3.46534
3.46534
3.46534
3.46534
3.46534
3.46534
3.5371
3.46534
3.46534
3.46534
3.46534
3.46534
3.46534
3.46534
3.46534
3.46534
3.46534
3.46534
3.46534
3.46534
3.46534
3.46534
3.46534
3.46534
3.46534
3.46534
3.46534
3.46534
3.46534
3.46534
3.46534
3.46534
3.46534
3.46534
3.46534
3.46534
3.46534
3.46534
3.46534
3.46534
3.46534
3.46534
3.46534
3.46534
3.46534
3.46534
3.46534
3.46534
3.46534
3.46534
3.46534
3.46534
3.46534
3.46534
3.46534
3.46534
3.46534
3.46534
3.46534
3.46534
3.46534
3.46534
3.46534
3.46534
3.46534
3.46534
3.46534
3.46534
3.46534
3.46534
3.46534
3.46534
3.46534
3.46534
3.46534
3.46534
3.46534
3.46162
3.6771
4.13704
4.13704
3.63063
3.63063
3.63063
3.63063
3.63063
3.63063
3.63063
3.46534
3.46534
3.46534
3.46534
3.46534
3.46534
3.46534
3.46534
3.46534
3.46534
3.46534
3.46534
3.46534
3.46534
3.46534
3.46534
3.46534
3.46534
3.46534
3.46534
3.46534
3.46534
3.46534
3.46534
3.46534
3.46534
3.46534
3.46534
3.46534
3.46534
3.46534
3.46534
3.46534
3.46534
3.46534
3.46534
3.46534
3.46534
3.46534
3.46534
3.46534
3.46534
3.46534
3.46534
3.46534
3.46534
3.46534
3.46534
3.46534
3.46534
3.46534
3.46534
3.46534
3.46534
3.46534
3.46534
3.46534
3.46534
3.46534
3.46534
3.46534
3.46534
3.46534
3.46534
3.53074
4.08963
3.46534
3.46534
3.46534
3.46534
3.46534
3.46534
3.46534
3.46534
3.46534
3.46534
3.46534
3.46534
3.46534
3.46534
3.46534
3.46534
3.92557
4.043
3.46534
3.46534
3.46534
3.46534
3.46534
3.46534
3.46534
3.46534
3.46534
3.46534
3.46534
3.46534
3.46534
3.46534
3.46534
3.46534
3.46534
3.46534
3.46534
3.46534
3.46534
3.46534
3.46534
3.46534
3.46534
3.46534
3.46534
3.46534
3.46534
3.46534
3.46534
3.46534
3.46534
3.46534
3.46534
3.46534
3.51094
3.46534
3.46534
3.46534
3.46534
3.46534
3.46534
3.46534
3.46534
3.46534
3.46534
3.46534
3.46534
3.46534
3.46534
3.46534
3.46534
3.46534
3.46534
3.46534
3.46162
3.46534
3.46534
3.46534
3.46534
3.46534
3.63063
3.46534
3.46534
3.46534
3.46534
3.46534
3.46534
3.46534
3.46534
3.46534
3.46534
3.46534
3.46534
3.46534
3.46534
3.46534
3.46534
3.46534
3.46534
3.46534
3.46534
3.46534
3.46534
3.46534
3.46534
3.46534
3.46534
3.46534
3.46534
3.46534
3.46534
3.46534
3.46534
3.46534
3.46534
3.46162
3.46534
3.46534
3.46534
3.46534
3.46534
3.46534
3.46534
3.46534
3.46534
3.46534
3.46534
3.46534
3.46534
3.46534
3.46534
3.47891
3.92345
3.93396
3.93396
3.46534
3.46534
3.46534
3.46534
3.48935
3.46534
3.46534
3.46534
3.46534
3.46534
3.46534
3.46162
3.46162
3.46162
3.46162
3.46162
3.46162
3.46162
3.46162
3.46162
3.46162
3.46162
3.46162
3.52702
3.62384
3.46162
3.46162
3.46162
3.46162
3.46162
3.46162
3.46162
3.46162
3.46162
3.46162
3.46162
3.46162
3.46162
3.46162
3.46162
3.46162
3.46162
3.46162
3.46162
3.46162
3.46162
3.46162
3.46162
3.46162
3.46162
3.46162
3.46162
3.46162
3.50374
3.95143
3.46162
3.46162
3.46162
3.46162
3.46162
3.46162
3.46162
3.46162
3.46162
3.63772
3.46162
3.46162
3.46162
3.46162
3.46162
3.46162
3.46162
3.46162
3.46162
3.46162
3.46162
3.46162
3.46162
3.46162
3.46162
3.46162
3.46162
3.46162
3.53272
3.46162
3.46162
3.46162
3.46162
3.46162
3.46162
3.46162
3.46162
3.46162
3.46162
3.46162
3.46162
3.46162
3.46162
3.46162
3.46162
3.46162
3.46162
3.46162
3.46162
3.46162
3.46162
3.46162
3.46162
3.46162
3.46162
3.46162
3.46162
3.46162
3.46162
3.46162
3.46162
3.46162
3.46162
3.46162
3.46162
3.46162
3.46162
3.46162
3.46162
3.46162
3.46162
3.46162
3.46162
3.46162
3.46162
3.46162
3.46162
3.46162
3.46162
3.46162
3.46162
3.46162
3.46162
3.46162
3.46162
3.46162
3.46162
3.46162
3.46162
3.46162
3.46162
3.46162
3.46162
3.46162
3.46162
3.46162
3.46162
3.46162
3.46162
3.46162
3.46162
3.57838
3.46162
3.46162
3.48103
3.46534
3.46534
3.46162
3.46162
3.46162
3.46162
3.46162
3.46162
3.46162
3.46162
3.46162
3.46162
3.46162
3.46162
3.46162
3.46162
3.46162
3.46162
3.46162
3.46162
3.46162
3.46162
3.46162
3.46162
3.46162
3.46162
3.46162
3.46162
3.46162
3.46162
3.46162
3.46162
3.46162
3.46162
3.46162
3.46162
3.46162
3.46162
3.46162
3.46162
3.46162
3.46162
3.46162
3.46162
3.46162
3.46162
3.53337
3.53337
3.80906
3.46162
3.46162
4.03073
3.74626
3.64911
3.58911
3.46162
3.46162
3.46162
3.46162
3.46162
3.46162
3.46162
3.46162
3.46162
3.46162
3.46162
3.46162
3.46162
3.46162
3.46162
3.46162
3.46162
3.46162
3.46162
3.46162
3.46162
3.46162
3.46162
3.46162
3.46162
3.46162
3.46162
3.46162
3.46162
3.46162
3.46162
3.46162
3.46162
3.46162
3.46162
3.46162
3.46162
3.46162
3.46162
3.46162
3.46162
3.46162
3.46162
3.46162
3.46162
3.46162
3.46162
3.46162
3.46162
3.46162
3.46162
3.57331
3.46162
3.46162
3.57331
3.47519
3.4934
3.46162
3.59254
3.47519
3.47519
3.47519
3.47519
3.47519
3.47519
3.47519
3.47519
3.47519
3.47519
3.46683
3.47891
3.47519
3.47519
3.47519
3.47519
3.47519
3.47519
3.47519
3.47519
3.47519
3.47519
3.47519
3.47519
3.47519
3.47519
3.47519
3.47519
3.47519
3.47519
3.47519
3.47519
3.47519
3.47519
3.47519
3.47519
3.47519
3.47519
3.47519
3.47519
3.47519
3.47519
3.47519
3.47519
3.47519
3.47519
3.47519
3.47519
3.47519
3.47519
3.47519
3.47519
3.47519
3.47519
3.47519
3.47519
3.47519
3.47519
3.47519
3.47519
3.47519
3.47519
3.47519
3.47519
3.47519
3.47519
3.47519
3.47519
3.47519
3.47519
3.47519
3.47519
3.47519
3.47519
3.47519
3.47519
3.47519
3.47519
3.47519
3.47519
3.47519
3.47519
3.47519
3.47519
3.47519
3.47519
3.47519
3.47519
3.47519
3.47519
3.47519
3.47519
3.47519
3.51731
4.73121
3.71006
3.51731
3.51731
3.51731
3.51731
3.47519
3.47519
3.47519
3.47519
3.47519
3.46162
3.46162
3.46162
3.51731
3.707
3.707
3.64616
3.47519
3.58179
3.59537
4.03435
4.06143
4.06143
3.59537
3.59537
3.47891
3.47891
3.47891
3.47891
3.47891
3.47891
3.47891
3.47891
3.47891
3.47891
3.47519
3.47519
3.47891
3.47891
3.47519
3.47519
3.47891
3.47891
3.47891
3.46534
3.46534
3.46534
3.46534
3.46534
3.46534
3.46534
3.46534
3.46162
3.46162
3.46162
3.46162
3.46162
3.46162
3.46162
3.57807
3.46162
3.46162
3.46162
3.48448
3.46162
3.46162
3.46162
3.46162
3.46162
3.46162
3.46162
3.46162
3.46162
3.46162
3.46162
3.46162
3.46162
3.46162
3.46162
3.46162
3.46162
3.46162
3.46162
3.46162
3.46162
3.46162
3.46162
3.46162
3.46162
3.46162
3.46162
3.46162
3.46162
3.46162
3.46162
3.46162
3.46162
3.46162
3.46162
3.46162
3.46162
3.46162
3.46162
3.46162
3.46162
3.46162
3.46162
3.46162
3.48384
3.48384
3.46162
3.46162
3.46162
3.46162
3.46162
3.46162
3.46162
3.46162
3.46162
3.46162
3.46162
3.46162
3.46162
3.46162
3.46162
3.46162
3.51626
3.46162
3.53437
3.46162
5.12729
4.42605
3.73849
3.46162
3.46162
3.74778
3.46162
3.67338
3.67338
3.67338
3.67338
3.46162
3.46162
3.46162
3.46162
3.46162
3.46162
3.46162
3.46162
3.46162
3.46162
3.46162
3.46162
3.46162
3.46162
3.46162
3.46162
3.46162
3.46162
3.46162
3.46162
3.46162
3.55617
3.46162
3.46162
3.46162
3.46162
3.46162
3.46162
3.46162
3.46162
3.46162
3.46162
3.46162
3.46162
3.46162
3.46162
3.48103
3.5032
3.46162
3.46162
3.46162
3.46162
3.46162
3.46162
3.46162
3.46162
3.46162
3.46162
3.46162
3.46162
3.46162
3.46162
3.46162
3.46162
3.46162
3.46162
3.46162
3.46162
3.46162
3.46162
3.46162
3.46162
3.46162
3.46162
3.46162
3.46162
3.46162
3.46162
3.46162
3.46162
3.46162
3.46162
3.46162
3.46162
3.46162
3.46162
3.46162
3.46162
3.46162
3.46162
3.46162
3.46162
3.4709
3.46162
3.46162
3.46162
3.46162
3.46162
3.46162
3.46162
3.46162
3.46162
3.46162
3.46162
3.46162
3.46162
3.46162
3.46162
3.46683
3.46162
3.46162
3.46162
3.46162
3.46162
3.46162
3.46162
3.46162
3.46162
3.46162
3.46162
3.46162
3.46162
3.46162
3.46162
3.46162
3.46162
3.46162
3.46162
3.46162
3.46162
3.46162
3.46162
3.46162
3.46534
3.86788
3.86788
3.46162
3.46162
3.46162
4.03564
3.64511
3.62691
3.69817
3.69817
3.69231
3.69231
3.67996
3.67996
3.67996
3.67996
3.62691
3.62691
3.62691
3.62691
3.62691
3.62691
3.62691
3.62691
3.62691
3.62691
3.62691
3.62691
3.62691
3.62691
3.62691
3.62691
3.62691
3.62691
3.62691
3.62691
3.62691
3.62691
3.62691
3.62691
3.62691
3.62691
3.62691
3.62691
3.62691
3.62691
3.62691
3.62691
3.62691
3.62691
3.62691
3.62691
3.62691
3.62691
3.62691
3.62691
3.62691
3.62691
3.62691
3.62691
3.62691
3.62691
3.62691
3.62691
3.62691
3.46162
3.46162
3.46162
3.46162
3.46162
3.46162
3.46162
3.46162
3.46162
3.46162
3.46162
3.46162
3.46162
3.46162
3.46162
3.46162
3.46162
3.46162
3.46162
3.46162
3.46162
3.46162
3.46162
3.46162
3.46162
3.46162
3.46162
3.46162
3.46162
3.46162
3.46162
3.46162
3.46162
3.46162
3.46162
3.46162
3.46162
3.46162
3.46162
3.46162
3.46162
3.46162
3.46162
3.46162
3.46162
3.46162
3.46162
3.46162
3.46162
3.46162
3.46162
3.46162
3.46162
3.46162
3.46162
3.46162
3.46162
3.46162
3.46162
3.46162
3.46162
3.46162
3.46162
3.46162
3.46162
3.46162
3.46162
3.46162
3.46162
3.46162
3.46162
3.46162
3.46162
3.46162
3.46162
3.46162
3.46162
3.46162
3.46162
3.46162
3.46162
3.46162
3.46162
3.46162
3.46162
3.46162
3.46162
3.46162
3.46162
3.46162
3.46162
3.46162
3.46162
3.46162
3.46162
3.46162
3.46162
3.46162
3.46162
3.46162
3.46162
3.46162
3.46162
3.46162
3.46162
3.46162
3.46162
3.46162
3.46162
3.46162
3.46162
3.46162
3.46162
3.46162
3.46162
3.46162
3.46162
3.46162
3.46162
3.46162
3.46162
3.46162
3.46162
3.46162
3.46162
3.46162
3.46162
3.46162
3.46162
3.46162
3.46162
3.46162
3.46534
3.46162
3.46162
3.51918
3.48384
3.46162
3.46162
3.46162
3.46162
3.46162
3.46162
3.46162
3.46162
3.46162
3.46162
3.46162
3.46162
3.46162
3.46162
3.46162
3.46162
3.46162
3.46162
3.46162
3.46162
3.46162
3.46162
3.46162
3.46162
3.46162
3.46162
3.46162
3.46162
3.46162
3.46162
3.46162
3.46162
3.46162
3.46162
3.46162
3.46162
3.46162
3.46162
3.46162
3.46162
3.46162
3.46162
3.46162
3.46162
3.46162
3.46162
3.46162
3.46162
3.46162
3.46162
3.46162
3.46162
3.46162
3.46162
3.46162
3.46162
3.46162
3.46162
3.46162
3.46162
3.46162
3.46162
3.46162
3.46162
3.46162
3.46162
3.46162
3.46162
3.46162
3.46162
3.46162
3.6037
3.90517
4.08614
3.8538
3.46162
3.51467
3.46162
3.46162
3.46162
3.46162
3.46162
3.46162
3.46162
3.46162
3.46162
3.46162
3.46162
3.46162
3.46162
3.46162
3.46162
3.46162
3.46162
3.46162
3.46162
3.46162
3.46162
3.46162
3.46162
3.46162
3.46162
3.46162
3.46162
3.46162
3.46162
3.46162
3.46162
3.46162
3.46162
3.46162
3.46162
3.46162
3.46162
3.46162
3.46162
3.46162
3.46162
3.46162
3.46162
3.46162
3.46162
3.46162
3.46162
3.46162
3.46162
3.46162
3.46162
3.46162
3.46162
3.51467
3.46162
3.46162
3.46162
3.46162
3.46162
3.5032
3.46162
3.46162
3.46162
3.46162
3.46162
3.46162
3.46162
3.46162
3.61027
4.31528
4.29677
3.66667
3.79416
3.81463
3.46162
3.46162
3.46162
3.46162
3.46162
3.46162
3.46162
3.46162
3.46162
3.46162
3.46162
3.46162
3.57114
3.46162
3.46162
3.46162
3.46162
3.46162
3.46162
3.46162
3.46162
3.46162
3.46683
3.46162
3.46162
3.46162
3.46162
3.46162
3.46162
3.46162
3.46162
3.46162
3.46162
3.46162
3.46162
3.46162
3.46162
3.46162
3.46162
3.46162
3.46162
3.46162
3.46162
3.46162
3.46162
3.46162
3.46162
3.46162
3.46162
3.46162
3.46162
3.46162
3.46162
3.46162
3.56584
3.46162
3.46162
3.46162
3.46162
3.46162
3.46162
3.46162
3.46162
3.46162
3.46162
3.46162
3.46162
3.46162
3.46162
3.46162
3.46162
3.46162
3.46162
3.46162
3.46162
3.46162
3.46162
3.46162
3.46162
3.46162
3.46162
3.46162
3.46162
3.46162
3.46162
3.46162
3.46162
3.46162
3.46162
3.46162
3.46162
3.46162
3.46162
3.46162
3.46162
3.46162
3.46162
3.46162
3.46162
3.46162
3.46162
3.46162
3.46162
3.46162
3.46162
3.46162
3.46162
3.46162
3.46162
3.46162
3.46162
3.46162
3.46162
3.46162
3.46162
3.46162
3.46162
3.4709
3.47925
3.46162
3.46162
3.47519
3.4709
3.4709
3.4709
3.50195
3.55304
3.52431
3.8402
5.57886
4.09325
4.13358
3.75313
4.55711
4.50893
3.68221
3.52431
3.53373
3.52609
3.52431
3.52431
3.52431
3.52431
3.51918
3.51918
3.51918
3.51918
3.5062
3.4934
3.5062
3.5062
3.57076
3.57076
3.5062
3.5062
3.51562
3.51562
3.5062
3.48935
3.48769
3.96946
3.98699
3.51918
3.5062
3.5062
3.5062
3.5062
3.5062
3.5062
3.5062
3.5062
3.5062
3.5062
3.5062
3.5062
3.5062
3.5062
3.5062
3.5117
3.5062
3.48906
3.59349
3.5062
3.5062
3.5062
3.48906
3.48906
3.48906
3.48906
3.48906
3.48906
3.48906
3.48906
3.48906
3.48906
3.48906
3.48906
3.48906
3.48906
3.48906
3.48906
3.48906
3.48906
3.48906
3.48906
3.48906
3.48906
3.48906
3.48906
3.48906
3.48906
3.48906
3.49457
3.85815
3.53862
3.92807
3.79031
3.50385
3.50385
3.50385
3.48906
3.48906
3.48906
3.48906
3.48906
3.48906
3.48906
3.48906
3.48906
3.48906
3.48906
3.48906
3.48906
3.48906
3.48906
3.48906
3.48906
3.48906
3.48906
3.48906
3.48906
3.48906
3.48906
3.48906
3.48906
3.48906
3.48906
3.48906
3.48906
3.48906
3.48906
3.48906
3.48906
3.48906
3.48906
3.48906
3.48906
3.48906
3.48906
3.48906
3.48906
3.48906
3.48906
3.48906
3.48906
3.48906
3.48906
3.48906
3.48906
3.48906
3.48906
3.48906
3.48906
3.48906
3.48906
3.48906
3.48906
3.55253
3.48906
3.48906
3.48906
3.48906
3.48906
3.48906
3.48906
3.46683
3.96644
4.58602
4.58602
3.99547
3.62384
3.53064
3.53064
3.50013
3.50895
3.50895
3.50013
3.50895
3.69226
4.27749
3.57701
3.57701
3.50013
3.50013
3.50013
3.50013
3.50013
3.50013
3.50013
3.50013
3.50013
3.50013
3.59575
3.67164
3.50013
3.50013
3.50013
3.50013
3.50013
3.50013
3.50013
3.49492
3.86848
3.50013
3.50013
3.50013
3.46683
3.46683
3.46683
3.46683
3.46683
3.46683
3.46683
3.46683
3.46683
3.46683
3.46683
3.46683
3.46683
3.46683
3.46683
3.46683
3.46683
3.46683
3.46683
3.46683
3.46683
3.67188
5.07528
4.86617
4.22095
3.75463
3.75463
3.75463
3.75463
3.69976
3.75463
3.64511
3.64511
3.64511
3.64511
3.64511
3.64511
3.64511
3.64511
3.64511
3.7872
3.8099
4.43306
3.66534
3.70476
3.64511
3.64511
3.64511
3.64511
3.64511
3.64511
3.65868
3.64511
3.62691
3.62691
3.62691
3.62691
3.62691
3.62691
3.62691
3.62691
3.62691
3.62691
3.62691
3.62691
3.62691
3.62691
3.62691
3.62691
3.62691
3.62691
3.62691
3.62691
3.62691
3.62691
3.62691
3.62691
3.62691
3.62691
3.62691
3.62691
3.62691
3.62691
3.62691
3.62691
3.62691
3.62691
3.62691
3.62691
3.62691
3.62691
3.62691
3.62691
3.62691
3.62691
3.62691
3.62691
3.62691
3.62691
3.62691
3.62691
3.62691
3.62691
3.62691
3.62691
3.62691
3.62691
3.46162
3.46162
3.46162
3.46162
3.46162
3.46162
3.46162
3.46162
3.46162
3.46162
3.46162
3.46162
3.46162
3.46162
3.46162
3.46162
3.46162
3.46162
3.46162
3.46162
3.46162
3.46162
3.46162
3.46162
3.46162
3.46162
3.46162
3.46162
3.46162
3.46162
3.46162
3.46162
3.46162
3.46162
3.46162
3.46162
3.46162
3.46162
3.46162
3.46162
3.46162
3.46162
3.46162
3.46162
3.46162
3.46162
3.46162
3.46162
3.46162
3.46162
3.46162
3.46162
3.46162
3.46162
3.46162
3.46162
3.46162
3.46162
3.46162
3.46162
3.46162
3.46162
3.46162
3.46162
3.46162
3.46162
3.46162
3.46162
3.46162
3.46162
3.46162
3.46162
3.46162
3.46162
3.66534
3.66534
3.46162
3.46162
3.46162
3.46162
3.46162
3.46162
3.46162
3.46162
3.46162
3.46162
3.46162
3.46162
3.46162
3.46162
3.64396
3.46162
3.46162
3.46162
3.46162
3.46162
3.53272
3.46162
3.46162
3.46162
3.46162
3.46162
3.46162
4.1366
4.56224
3.46683
4.15064
3.84354
4.13853
3.67188
3.46683
3.46683
3.46683
3.46683
3.46683
3.46683
3.46683
3.46683
3.46683
3.46683
3.46683
3.46683
3.46683
3.46683
3.46683
3.46683
3.46162
3.46162
3.46162
3.46162
3.46162
3.46683
3.46683
3.46683
3.46683
3.46683
3.46683
3.46683
3.46683
3.46683
3.46683
3.46683
3.46683
3.46683
3.46683
3.46683
3.46683
3.46683
3.46683
3.46683
3.46683
3.46683
3.46683
3.46683
3.46683
3.46683
3.46683
3.46683
3.46683
3.46683
3.46683
3.46683
3.46683
3.46683
3.46683
3.46683
3.46683
3.46683
3.46683
3.46683
3.46683
3.46683
3.46162
3.84588
3.46683
3.9501
4.10516
4.00379
4.0369
3.95599
3.93703
3.76205
3.76205
3.76205
3.70547
3.60985
3.60985
3.60985
3.60985
3.67525
3.67525
3.60985
3.4934
3.4934
3.4934
3.4934
3.4934
3.4934
3.4934
3.4934
3.4934
3.4934
3.4934
3.59825
3.4934
3.69638
3.67146
3.4934
3.4934
3.67351
3.9097
3.9097
3.67351
3.87501
3.87501
4.77447
3.77015
3.94001
4.34628
5.32069
5.57136
5.41966
4.7373
4.01561
4.01561
3.98082
3.90355
3.90355
3.98537
3.99371
3.90711
3.89682
3.89682
3.89682
3.89682
3.89682
3.89682
3.89682
3.89682
3.82838
3.7814
3.7814
3.7814
3.7814
3.7814
3.7814
3.7814
3.7814
3.7814
3.7814
3.7814
3.7814
3.53601
3.53601
3.53601
3.52244
3.44084
3.44084
3.43268
3.43268
3.53659
3.43268
3.43268
3.36688
3.43268
3.43268
3.43268
3.36688
3.36688
3.36688
3.36688
3.36688
3.36688
3.36688
3.36688
3.36688
3.36688
3.36688
3.36688
3.36688
3.36688
3.36688
3.36688
3.36688
3.36688
3.36688
3.36688
3.36688
3.36688
3.83001
3.36688
3.36688
3.36688
3.36688
3.36688
3.36688
3.36688
3.36688
3.36688
3.36688
3.36688
3.36688
3.36688
3.36688
3.36688
3.36688
3.36688
3.36688
3.36688
3.36688
3.36688
3.3706
3.36688
3.36688
3.36688
3.36688
3.36688
3.36688
3.3533
3.41778
3.3533
3.36688
3.3533
3.3533
3.3533
3.3533
3.3533
3.3533
3.3533
3.3533
3.3533
3.3533
3.3533
3.3533
3.3533
3.3533
3.3533
3.3533
3.3533
3.3533
3.277
3.277
3.277
3.3533
3.3533
3.3533
3.3533
3.3533
3.3533
3.3533
3.3533
3.3533
3.3533
3.3533
3.3533
3.3533
3.3533
3.3533
3.3533
3.3533
3.3533
3.3533
3.3533
3.3533
3.3533
3.3533
3.3533
3.3533
3.3533
3.3533
3.3533
3.3533
3.3533
3.3533
3.3533
3.3533
3.3533
3.3533
3.3533
3.56114
3.41081
3.47857
3.65631
3.47857
3.47857
3.47857
3.47857
3.4565
3.4565
3.25813
3.25813
3.25813
3.25813
3.25813
3.25813
3.25813
3.32353
3.31119
3.31119
3.31119
3.25813
3.25813
3.25813
3.31119
3.31119
3.31119
3.31119
3.31119
3.31119
3.31119
3.31119
3.31119
3.31119
3.31119
3.31119
3.31119
3.31119
3.31119
3.31119
3.31119
3.31119
3.38229
3.31119
3.31119
3.31119
3.31119
3.31119
3.31119
3.31119
3.31119
3.31119
3.31119
3.31119
3.31119
3.31119
3.31119
3.31119
3.31119
3.31119
3.31119
3.31119
3.31119
3.31119
3.31119
3.31119
3.31119
3.31119
3.31119
3.31119
3.31119
3.31119
3.31119
3.31119
3.31119
3.31119
3.31119
3.31119
3.31119
3.31119
3.31119
3.31119
3.31119
3.31119
3.31119
3.31119
3.31119
3.70625
3.35326
3.35326
3.31119
3.31119
3.31119
3.31119
3.31119
3.31119
3.31119
3.31119
3.31119
3.25813
3.31119
3.31119
3.31119
3.31119
3.31119
3.31119
3.31119
3.31119
3.31119
3.31119
3.31119
3.31119
3.31119
3.31119
3.31119
3.31119
3.31119
3.31119
3.31119
3.31119
3.31119
3.31119
3.31119
3.31119
3.31119
3.36276
3.31119
3.31119
3.31119
3.31119
3.31119
3.31119
3.31119
3.31119
3.31119
3.31119
3.31119
3.31119
3.31119
3.31119
3.31119
3.31119
3.31119
3.31119
3.31119
3.31119
3.31119
3.31119
3.31119
3.31119
3.31119
3.31119
3.31119
3.31119
3.31119
3.31119
3.31119
3.31119
3.31119
3.31119
3.31119
3.3306
3.31119
3.3306
3.27755
3.27755
3.25813
3.25813
3.25813
3.25813
3.25813
3.25813
3.25813
3.25813
3.25813
3.25813
3.25813
3.25813
3.25813
3.25813
3.25813
3.25813
3.25813
3.25813
3.30449
3.25813
3.25813
3.18637
3.35402
3.3097
3.25813
3.25813
3.25813
3.25813
3.25813
3.25813
3.25813
3.25813
3.25813
3.25813
3.25813
3.25813
3.25813
3.25813
3.25813
3.25813
3.25813
3.25813
3.25813
3.25813
3.25813
3.25813
3.29143
3.471
3.471
3.41081
3.41081
3.29143
3.29143
3.25813
3.25813
3.34449
3.25813
3.25813
3.25813
3.25813
3.25813
3.25813
3.68814
3.40018
3.41838
3.25813
3.25813
3.25813
3.25813
3.25813
3.25813
3.25813
3.25813
3.25813
3.25813
3.35269
3.25813
3.35269
3.25813
3.25813
3.25813
3.25813
3.25813
3.25813
3.25813
3.25813
3.25813
3.25813
3.25813
3.25813
3.25813
3.25813
3.25813
3.25813
3.25813
3.25813
3.25813
3.25813
3.25813
3.25813
3.25813
3.25813
3.25813
3.25813
3.25813
3.25813
3.25813
3.25813
3.26742
3.25813
3.25813
3.25813
3.25813
3.18637
3.25813
3.25813
3.25813
3.25813
3.25813
3.25813
3.59738
3.38562
3.25813
3.25813
3.25813
3.25813
3.25813
3.25813
3.25813
3.25813
3.25813
3.25813
3.3533
3.76853
3.76853
3.31386
3.25813
3.25813
3.25813
3.25813
3.25813
3.25813
3.32393
3.25813
3.25813
3.25813
3.25813
3.25813
3.25813
3.25813
3.25813
3.25813
3.25813
3.25813
3.25813
3.25813
3.25813
3.25813
3.25813
3.25813
3.25813
3.25813
3.28036
3.25813
3.25813
3.25813
3.25813
3.25813
3.25813
3.25813
3.25813
3.25813
3.25813
3.25813
3.25813
3.25813
3.25813
3.25813
3.23943
5.36797
4.24991
4.20377
4.1496
3.68919
3.25813
3.25813
3.25813
3.25813
3.25813
3.25813
3.25813
3.25813
3.25813
3.25813
3.25813
3.25813
3.25813
3.25813
3.25813
3.25813
3.18637
3.18637
3.18637
3.18637
3.18637
3.18637
3.18637
3.18637
3.18637
3.18637
3.18637
3.18637
3.18637
3.18637
3.18637
3.18637
3.18637
3.18637
3.18637
3.23943
3.23943
3.18637
3.18637
3.18637
3.18637
3.18637
3.18637
3.18637
3.25177
3.18637
3.18637
3.18637
3.18637
3.18637
3.18637
3.18637
3.18637
3.18637
3.18637
3.18637
3.18637
3.19159
3.18637
3.18637
3.18637
3.18637
3.18637
3.18637
3.18637
3.18637
3.19009
3.18637
3.18637
3.18637
3.18637
3.18637
3.18637
3.18637
3.18637
3.18637
3.18637
3.18637
3.18637
3.18637
3.18637
3.18637
3.18637
3.18637
3.18637
3.18637
3.18637
3.18637
3.18637
3.18637
3.18637
3.18637
3.18637
3.18637
3.18637
3.18637
3.18637
3.18637
3.18637
3.18637
3.18637
3.18637
3.18637
3.18637
3.18637
3.18637
3.18637
3.18637
3.18637
3.18637
3.18637
3.18637
3.18637
3.18637
3.18637
3.24102
3.18637
3.18637
3.18637
3.18637
3.18637
3.18637
3.18637
3.18637
3.18637
3.18637
3.18637
3.18637
3.18637
3.18637
3.18637
3.18637
3.18637
3.52153
3.18637
3.18637
3.18637
3.18637
3.18637
3.18637
3.18637
3.18637
3.18637
3.18637
3.18637
3.18637
3.18637
3.18637
3.18637
3.18637
3.18637
3.18637
3.18637
3.18637
3.18637
3.18637
3.18637
3.18637
3.18637
3.19009
3.18637
3.18637
3.43176
3.18637
3.18637
3.18637
3.18637
3.18637
3.18637
3.18637
3.18637
3.18637
3.18637
3.18637
3.22796
3.18637
3.22796
3.18637
3.18637
3.18637
3.18637
3.18637
3.18637
3.18637
3.18637
3.18637
3.18637
3.18637
3.18637
3.18637
3.18637
3.18637
3.18637
3.18637
3.18637
3.18637
3.18637
3.18637
3.18637
3.18637
3.18637
3.18637
3.18637
3.18637
3.18637
3.18637
3.18637
3.18637
3.18637
3.18637
3.18637
3.18637
3.18637
3.18637
3.18637
3.18637
3.18637
3.18637
3.18637
3.18637
3.18637
3.18637
3.18637
3.18637
3.18637
3.18637
3.18637
3.18637
3.18637
3.18637
3.18637
3.18637
3.18637
3.18637
3.18637
3.18637
3.18637
3.9335
3.18637
3.18637
3.18637
3.18637
3.18637
3.18637
3.18637
3.18637
3.18637
3.18637
3.18637
3.18637
3.18637
3.18637
3.18637
3.18637
3.18637
3.18637
3.18637
3.18637
3.18637
3.18637
4.70771
3.18637
3.19995
3.18637
3.18637
3.18637
3.18637
3.18637
3.18637
3.18637
3.18637
3.18637
3.18637
3.18637
3.18637
3.18637
3.18637
3.18637
3.18637
3.18637
3.18637
3.18637
3.18637
3.18637
3.18637
3.18637
3.18637
3.18637
3.18637
3.18637
3.18637
3.18637
3.18637
3.18637
3.18637
3.18637
3.18637
3.18637
3.18637
3.18637
3.18637
3.18637
3.18637
3.18637
3.18637
3.18637
3.18637
3.18637
3.18637
3.18637
3.18637
3.18637
3.18637
3.18637
3.18637
3.18637
3.18637
3.18637
3.18637
3.18637
3.18637
3.18637
3.18637
3.18637
3.18637
3.18637
3.18637
3.18637
3.29916
3.18637
3.18637
3.29589
4.41026
3.33367
3.33367
3.41078
3.18637
3.18637
3.18637
3.18637
3.18637
3.18637
3.18637
3.18637
3.18637
3.18637
3.18637
3.18637
3.18637
3.18637
3.18637
3.18637
3.18637
3.18637
3.18637
3.18637
3.18637
3.18637
3.18637
3.18637
3.18637
3.18637
3.18637
3.18637
3.18637
3.18637
3.18637
3.18637
3.18637
3.18637
3.18637
3.18637
3.18637
3.18637
3.19159
3.18637
3.18637
3.18637
3.18637
3.18637
3.18637
3.18637
3.18637
3.18637
3.18637
3.18637
3.18637
3.18637
3.18637
3.18637
3.18637
3.18637
3.18637
3.18637
3.18637
3.18637
3.18637
3.18637
3.2086
3.18637
3.18637
3.18637
3.18637
3.18637
3.18637
3.18637
3.18637
3.18637
3.18637
3.18637
3.19995
3.19995
3.18637
3.18637
3.18637
3.18637
3.18637
3.18637
3.18637
3.18637
3.18637
3.18637
3.18637
3.18637
3.18637
3.18637
3.18637
3.18637
3.18637
3.18637
3.18637
3.18637
3.18637
3.18637
3.18637
3.18637
3.18637
3.18637
3.18637
3.18637
3.18637
3.18637
3.18637
3.18637
3.18637
3.18637
3.18637
3.18637
3.18637
3.18637
3.18637
3.18637
3.18637
3.18637
3.18637
3.18637
3.18637
3.18637
3.18637
3.18637
3.18637
3.18637
3.18637
3.18637
3.18637
3.18637
3.18637
3.18637
3.18637
3.18637
3.18637
3.18637
3.18637
3.18637
3.18637
3.18637
3.18637
3.18637
3.18637
3.18637
3.18637
3.18637
3.18637
3.18637
3.18637
3.18637
3.18637
3.18637
3.18637
3.19995
3.27152
3.27152
3.49498
3.18637
3.18637
3.18637
3.18637
3.18637
3.18637
3.18637
3.25177
3.18637
3.18637
3.18637
3.18637
3.18637
3.18637
3.18637
3.18637
3.18637
3.18637
3.18637
3.18637
3.18637
3.18637
3.18637
3.18637
3.18637
3.18637
3.18637
3.18637
3.18637
3.18637
3.18637
3.18637
3.18637
3.18637
3.18637
3.19159
3.18637
3.19995
3.18637
3.18637
3.33965
3.18637
3.18637
3.18637
3.18637
3.18637
3.18637
3.18637
3.18637
3.18637
3.18637
3.18637
3.18637
3.18637
3.19009
3.18637
3.18637
3.18637
3.18637
3.18637
3.18637
3.18637
3.18637
3.18637
3.18637
3.18637
3.18637
3.18637
3.18637
3.40681
3.29916
3.18637
3.18637
3.18637
3.18637
3.18637
3.18637
3.18637
3.18637
3.277
3.18637
3.28093
3.18637
3.28093
3.23748
3.23317
3.22796
3.22796
3.22796
3.19159
3.19159
3.18637
3.22796
3.18637
3.36991
3.22796
3.22796
3.18637
3.18637
3.22796
3.22796
3.22796
3.22796
3.22796
3.22796
3.22796
3.22796
3.22796
3.22796
3.22796
3.22796
3.22796
3.22796
3.22796
3.22796
3.22796
3.22796
3.22796
3.22796
3.22796
3.22796
3.22796
3.22796
3.22796
3.22796
3.22796
3.22796
3.22796
3.22796
3.22796
3.22796
3.22796
3.22796
3.22796
3.22796
3.22796
3.22796
3.22796
3.22796
3.22796
3.20117
3.20117
3.20117
3.20117
3.20117
3.18637
3.18637
3.18637
3.18637
3.18637
3.18637
3.18637
3.18637
3.18637
3.18637
3.18637
3.18637
3.18637
3.18637
3.18637
3.18637
3.18637
3.18637
3.18637
3.18637
3.18637
3.18637
3.18637
3.18637
3.22849
3.18637
3.18637
3.18637
3.18637
3.18637
3.18637
3.18637
3.18637
3.18637
3.18637
3.18637
3.18637
3.18637
3.18637
3.18637
3.18637
3.18637
3.18637
3.18637
3.18637
3.18637
3.18637
3.18637
3.18637
3.18637
3.18637
3.18637
3.18637
3.18637
3.18637
3.18637
3.18637
3.18637
3.18637
3.18637
3.18637
3.18637
3.18637
3.18637
3.18637
3.18637
3.69967
3.18637
3.18637
3.18637
3.18637
3.18637
3.18637
3.18637
3.18637
3.18637
3.18637
3.18637
3.18637
3.18637
3.18637
3.18637
3.18637
3.18637
3.18637
3.18637
3.40681
3.25177
3.29807
3.18637
3.18637
3.18637
3.18637
3.18637
3.18637
3.18637
3.18637
3.18637
3.18637
3.18637
3.18637
3.18637
3.18637
3.18637
3.18637
3.18637
3.18637
3.18637
3.18637
3.18637
3.18637
3.18637
3.18637
3.18637
3.18637
3.18637
3.18637
3.18637
3.18637
3.18637
3.18637
3.18637
3.18637
3.18637
3.18637
3.18637
3.18637
3.18637
3.18637
3.39328
3.39328
3.18637
3.18637
3.18637
3.18637
3.18637
3.18637
3.18637
3.18637
3.18637
3.18637
3.18637
3.18637
3.18637
3.18637
3.18637
3.18637
3.18637
3.18637
3.18637
3.18637
3.18637
3.18637
3.18637
3.18637
3.18637
3.18637
3.18637
3.18637
3.18637
3.39009
3.75744
4.411
3.91567
3.68174
3.68174
3.47048
4.97421
3.59962
3.86343
3.60829
3.86343
3.31551
3.39763
3.29916
3.18637
3.18637
3.18637
3.18637
3.27274
4.03539
3.54621
3.54621
3.18637
3.25177
3.25177
3.25177
3.25177
3.25177
3.41706
3.25177
3.25177
3.25177
3.25177
3.25177
3.25177
3.25177
3.25177
3.25177
3.25177
3.25177
3.25177
3.25177
3.25177
3.25177
3.25177
3.25177
3.25177
3.25177
3.25177
3.25177
3.25177
3.25177
3.25177
3.25177
3.25177
3.25177
3.25177
3.25177
3.25177
3.25177
3.25177
3.25177
3.25177
3.25177
3.25177
3.25177
3.25177
3.25177
3.25177
3.25177
3.25177
3.25177
3.25177
3.25177
3.25177
3.25177
3.25177
3.25177
3.25177
3.25177
3.25177
3.25177
3.25177
3.25177
3.25177
3.25177
3.25177
3.25177
3.25177
3.25177
3.25177
3.25177
3.25177
3.25177
3.25177
3.25177
3.25177
3.25177
3.25177
3.25177
3.25177
3.25177
3.18637
3.18637
3.18637
3.18637
3.18637
3.18637
3.18637
3.18637
3.18637
3.18637
3.18637
3.18637
3.18637
3.18637
3.18637
3.18637
3.18637
3.18637
3.18637
3.18637
3.18637
3.18637
3.18637
3.18637
3.18637
3.19009
3.18637
3.18637
3.18637
3.18637
3.18637
3.36966
3.18637
3.18637
3.18637
3.18637
3.18637
3.18637
3.18637
3.18637
3.18637
3.18637
3.18637
3.18637
3.18637
3.18637
3.18637
3.18637
3.18637
3.18637
3.18637
3.18637
3.18637
3.18637
3.18637
3.18637
3.18637
3.18637
3.18637
3.18637
3.18637
3.18637
3.18637
3.18637
3.18637
3.18637
3.18637
3.18637
3.18637
3.18637
3.18637
3.18637
3.18637
3.18637
3.18637
3.18637
3.18637
3.18637
3.18637
3.18637
3.18637
3.18637
3.18637
3.18637
3.18637
3.18637
3.18637
3.18637
3.18637
3.18637
3.18637
3.18637
3.18637
3.18637
3.20579
3.18637
3.18637
3.18637
3.18637
3.18637
3.18637
3.18637
3.18637
3.18637
3.18637
3.18637
3.18637
3.18637
3.18637
3.18637
3.18637
3.18637
3.18637
3.18637
3.18637
3.18637
3.18637
3.18637
3.18637
3.36966
3.18637
3.18637
3.18637
3.18637
3.18637
3.7915
3.23943
3.23943
3.18637
3.23943
3.49715
3.45892
3.45921
3.44451
3.44451
3.42315
3.25177
3.25177
3.29336
3.25177
3.25177
3.25177
3.25177
3.25177
3.25177
3.25177
3.25177
3.25177
3.25177
3.25177
3.30642
3.72062
5.23875
5.23875
5.77356
5.94214
5.83717
4.11991
4.11991
4.11991
3.94628
3.69491
3.86854
3.52725
3.52725
3.45549
3.45549
3.45549
3.45549
3.45549
3.45549
3.45549
3.78589
3.25177
3.25177
3.45549
3.45549
3.45549
3.45549
3.45549
3.45549
3.45549
3.45549
3.45549
3.45549
3.45549
3.45549
3.45549
3.45549
3.45549
3.45549
3.45549
3.45549
3.45549
3.45549
3.45549
3.45549
3.45549
3.45549
3.45549
3.45549
3.45549
3.45549
3.45549
3.45549
3.45549
3.45549
3.45549
3.45549
3.45549
3.45549
3.45549
3.45549
3.45549
3.45549
3.51514
3.45549
3.45549
3.45549
3.45549
3.45549
3.45549
3.45549
3.45549
3.45549
3.45549
3.45549
3.45549
3.45549
3.45549
3.45549
3.45549
3.45549
3.39009
3.76206
3.55833
3.76206
3.55833
3.61479
3.61479
3.55544
3.37195
3.37195
3.25549
3.25177
3.25177
3.25177
3.25177
3.25177
3.25177
3.25177
3.25177
3.25177
3.25177
3.25177
3.25177
3.25177
3.25177
3.25177
3.25177
3.25177
3.25177
3.25177
3.25177
3.25177
3.25177
3.23943
3.25177
3.43576
3.30934
3.30934
3.28355
3.28355
3.25177
3.25177
3.59672
3.29211
3.26106
3.25177
3.27976
3.26106
3.40726
3.22671
3.22671
3.22671
3.19566
3.19566
3.24871
3.24871
3.29211
3.39938
3.19566
3.24186
3.26742
3.2696
3.25709
3.2363
3.24186
3.2363
3.2363
3.2363
3.2363
3.2363
3.24602
3.2363
3.27164
3.2363
3.2363
3.2363
3.24602
3.19009
3.42379
3.42379
3.2664
3.2363
3.2363
3.2363
3.2363
3.2363
3.2363
3.2363
3.2363
3.2363
3.2363
3.2363
3.2363
3.2363
3.2363
3.2363
3.2363
3.2363
3.2363
3.49755
3.53931
3.2363
3.2363
3.2363
3.2363
3.2363
3.2363
3.2363
3.2363
3.2363
3.2363
3.2363
3.2363
3.2363
3.2363
3.2363
3.2363
3.2363
4.11388
4.11282
3.2363
3.2363
3.2363
3.2363
3.2363
3.2363
3.2363
3.2363
3.2363
3.2363
3.2363
3.2363
3.2363
3.2363
3.2363
3.2363
3.2363
3.2363
3.2363
3.2363
3.2363
3.2363
3.2363
3.2363
3.2363
3.2363
3.2363
3.2363
3.2363
3.2363
3.2363
3.2363
3.2363
3.2363
3.2363
3.2363
3.2363
3.2363
3.2363
3.2363
3.2363
3.2363
3.2363
3.2363
3.2363
3.2363
3.2363
3.2363
3.2363
3.22796
3.22796
3.22796
3.22796
3.22796
3.22796
3.22796
3.22796
3.22796
3.22796
3.22796
3.22796
3.22796
3.22796
3.22796
3.22796
3.22796
3.22796
3.22796
3.22796
3.22796
3.22796
3.22796
3.22796
3.22796
3.22796
3.22796
3.22796
3.22796
3.22796
3.22796
3.22796
3.22796
3.22796
3.22796
3.22796
3.22796
3.22796
3.22796
3.22796
3.22796
3.22796
3.22796
3.22796
3.22796
3.22796
3.22796
3.22796
3.22796
3.22796
3.22796
3.22796
3.25018
3.22796
3.22796
3.22796
3.22796
3.22796
3.22796
3.22796
3.22796
3.22796
3.22796
3.22796
3.22796
3.22796
3.22796
3.22796
3.22796
3.22796
3.22796
3.22796
3.18637
3.18637
3.18637
3.18637
3.18637
3.18637
3.18637
3.18637
3.18637
3.18637
3.18637
3.18637
3.18637
3.36594
3.18637
3.18637
3.18637
3.18637
3.18637
3.18637
3.18637
3.18637
3.18637
3.18637
3.18637
3.18637
3.18637
3.18637
3.18637
3.18637
3.18637
3.18637
3.18637
3.18637
3.18637
3.18637
3.18637
3.18637
3.18637
3.18637
3.18637
3.18637
3.18637
3.18637
3.19159
3.18637
3.18637
3.18637
3.18637
3.18637
3.18637
3.18637
3.18637
3.18637
3.18637
3.18637
3.18637
3.18637
3.18637
3.18637
3.18637
3.18637
3.18637
3.18637
3.18637
3.18637
3.18637
3.18637
3.18637
3.18637
3.18637
3.18637
3.18637
3.18637
3.18637
3.18637
3.18637
3.18637
3.18637
3.18637
3.18637
3.18637
3.18637
3.18637
3.18637
3.18637
3.18637
3.18637
3.18637
3.18637
3.18637
3.18637
3.18637
3.18637
3.18637
3.22849
3.18637
3.18637
3.18637
3.18637
3.18637
3.18637
3.18637
3.18637
3.18637
3.18637
3.18637
3.18637
3.18637
3.18637
3.18637
3.18637
3.18637
3.18637
3.18637
3.18637
3.18637
3.18637
3.18637
3.28093
3.18637
3.18637
3.18637
3.18637
3.18637
3.18637
3.18637
3.18637
3.18637
3.18637
3.18637
3.18637
3.18637
3.18637
3.18637
3.18637
3.18637
3.18637
3.18637
3.18637
3.18637
3.18637
3.18637
3.18637
3.18637
3.19159
3.19159
3.18637
3.18637
3.18637
3.18637
3.18637
3.18637
3.18637
3.18637
3.18637
3.18637
3.18637
3.18637
3.18637
3.18637
3.18637
3.18637
3.18637
3.18637
3.18637
3.18637
3.18637
3.18637
3.18637
3.18637
3.18637
3.18637
3.18637
3.18637
3.18637
3.18637
3.18637
3.18637
3.18637
3.18637
3.18637
3.18637
3.18637
3.18637
3.18637
3.18637
3.18637
3.18637
3.18637
3.18637
3.18637
3.18637
3.18637
3.18637
3.18637
3.18637
3.18637
3.18637
3.18637
3.18637
3.18637
3.18637
3.18637
3.22849
3.18637
3.18637
3.18637
3.18637
3.18637
3.18637
3.18637
3.18637
3.18637
3.18637
3.18637
3.18637
3.18637
3.19159
3.19159
3.18637
3.18637
3.18637
3.18637
3.18637
3.25813
3.18637
3.18637
3.18637
3.18637
3.18637
3.18637
3.18637
3.18637
3.18637
3.18637
3.18637
3.18637
3.18637
3.18637
3.18637
3.18637
3.18637
3.18637
3.29916
3.18637
3.18637
3.18637
3.18637
3.18637
3.18637
3.18637
3.18637
3.18637
3.18637
3.18637
3.18637
3.18637
3.18637
3.18637
3.18637
3.18637
3.18637
3.18637
3.18637
3.18637
3.18637
3.18637
3.18637
3.18637
3.18637
3.18637
3.43176
3.57186
3.57186
3.72007
3.72007
3.72007
3.59264
3.59264
3.42558
3.76219
3.72007
3.72007
3.72007
3.72007
3.72007
3.72007
3.72007
3.72007
3.72007
3.72007
3.72007
3.72007
3.72007
3.72007
3.72007
3.72007
3.72007
3.72007
3.72007
3.72007
3.72007
3.72007
3.72007
3.72007
3.72007
3.72007
3.72007
3.72007
3.72007
3.72007
3.72007
3.72007
3.72007
3.72007
3.72936
3.72007
3.76166
3.72007
3.72007
3.72007
3.72007
3.72007
3.72007
3.72007
3.72007
3.72007
3.72007
3.72007
3.72007
3.72007
3.72007
3.72007
3.72007
3.72007
3.72007
3.72007
3.72007
3.72007
3.72007
3.72007
3.72007
3.72007
3.72007
3.72007
3.72007
3.72007
3.72007
3.72007
3.72007
3.72007
3.72007
3.72007
3.72007
3.72007
3.72007
3.65872
3.65499
3.65499
3.65499
3.18637
3.18637
3.18637
3.18637
3.18637
3.22171
3.22171
3.22171
3.18637
3.18637
3.18637
3.18637
3.18637
3.18637
3.18637
3.18637
3.18637
3.18637
3.18637
3.18637
3.18637
3.18637
3.18637
3.36594
3.18637
3.18637
3.18637
3.18637
3.18637
3.18637
3.18637
3.18637
3.18637
3.18637
3.18637
3.18637
3.18637
3.18637
3.18637
3.18637
3.18637
3.18637
3.18637
3.18637
3.18637
3.18637
3.18637
3.18637
3.18637
3.18637
3.18637
3.18637
3.18637
3.18637
3.18637
3.18637
3.18637
3.18637
3.18637
3.18637
3.18637
3.22849
4.55138
4.55138
3.18637
3.59264
3.18637
3.18637
3.21815
3.19159
3.19159
3.18637
3.18637
3.25974
3.25813
3.21815
3.19159
3.18637
3.19159
3.25813
3.18637
3.19159
3.19159
3.18637
3.18637
3.19159
3.19159
3.18637
3.19159
3.19159
3.19159
3.19159
3.19159
3.19159
3.19159
3.19159
3.19159
3.19159
3.19159
3.19159
3.19159
3.19159
3.19159
3.19159
3.19159
3.19159
3.19159
3.19159
3.19159
3.19159
3.18637
3.19159
3.26335
3.19159
3.19159
3.19159
3.19159
3.19159
3.19159
3.19159
3.19159
3.19159
3.19159
3.19159
3.19159
3.19159
3.19159
3.19159
3.19159
3.19159
3.19159
3.19159
3.19159
3.19159
3.19159
3.19159
3.19159
3.19159
3.19159
3.19159
3.19159
3.19159
3.19159
3.19159
3.19159
3.19159
3.19159
3.19159
3.19159
3.19159
3.19159
3.19159
3.19159
3.19159
3.19159
3.19159
3.19159
3.19159
3.19159
3.19159
3.19159
3.19159
3.19159
3.19159
3.19159
3.19159
3.19159
3.19159
3.19159
3.23317
3.19159
3.19159
3.19159
3.19159
3.19159
3.19159
3.19159
3.18637
3.19159
3.19159
3.19159
3.19159
3.18637
3.19159
3.19159
3.19159
3.19159
3.19159
3.19159
3.19159
3.19159
3.19159
3.19159
3.19159
3.19159
3.19159
3.19159
3.19159
3.19159
3.19159
3.19159
3.19159
3.19159
3.19159
3.19159
3.19159
3.19159
3.19159
3.19159
3.19159
3.19159
3.19159
3.19159
3.24623
3.19159
3.19159
3.18637
3.18637
3.19159
3.19159
3.19159
3.19159
3.19159
3.19159
3.19159
3.19159
3.19159
3.19159
3.19159
3.19159
3.19159
3.19159
3.19159
3.19159
3.19159
3.19159
3.19159
3.19159
3.19159
3.19159
3.19159
3.19159
3.19159
3.19159
3.19159
3.19159
3.19159
3.19159
3.19159
3.19159
3.19159
3.19159
3.19159
3.19159
3.19159
3.19159
3.19159
3.19159
3.19159
3.19159
3.19159
3.19159
3.19159
3.19159
3.19159
3.19159
3.19159
3.19159
3.19159
3.28221
3.19159
3.19159
3.19159
3.19159
3.19159
3.19159
3.19159
3.19159
3.19159
3.19159
3.19159
3.19159
3.19159
3.19159
3.19159
3.19159
3.19159
3.19159
3.19159
3.19159
3.19159
3.19159
3.19159
3.19159
3.19159
3.19159
3.19159
3.19159
3.19159
3.19159
3.19159
3.19159
3.19159
3.19159
3.19159
3.19159
3.19159
3.19159
3.19159
3.19159
3.19159
3.19159
3.19159
3.19159
3.19159
3.19159
3.19159
3.19159
3.19159
3.19159
3.19159
3.19159
3.19159
3.19159
3.19159
3.19159
3.19159
3.19159
3.19159
3.19159
3.19159
3.19159
3.19159
3.19159
3.19159
3.18637
3.18637
3.18637
3.18637
3.18637
3.18637
3.18637
3.18637
3.18637
3.18637
3.18637
3.18637
3.18637
3.18637
3.18637
3.18637
3.18637
3.18637
3.19995
3.18637
3.25813
3.18637
3.18637
3.18637
3.18637
3.18637
3.18637
3.18637
3.18637
3.18637
3.18637
3.18637
3.18637
3.18637
3.18637
3.18637
3.18637
3.23943
3.18637
3.277
3.18637
3.18637
3.18637
3.18637
3.18637
3.18637
3.18637
3.18637
3.18637
3.18637
3.18637
3.18637
3.18637
3.18637
3.28199
3.18637
3.18637
3.18637
3.18637
3.18637
3.18637
3.18637
3.18637
3.18637
3.18637
3.18637
3.18637
3.18637
3.18637
3.18637
3.18637
3.18637
3.18637
3.24602
3.18637
3.18637
3.18637
3.18637
3.18637
3.18637
3.18637
3.18637
3.22217
3.24207
3.18637
3.18637
3.18637
3.18637
3.18637
3.18637
3.18637
3.19159
3.18637
3.18637
3.18637
3.18637
3.18637
3.18637
3.18637
3.18637
3.18637
3.18637
3.18637
3.18637
3.18637
3.18637
3.18637
3.18637
3.18637
3.18637
3.18637
3.18637
3.18637
3.18637
3.18637
3.18637
3.18637
3.18637
3.18637
3.18637
3.18637
3.48791
3.18637
3.18637
3.18637
3.18637
3.18637
3.18637
3.18637
3.18637
3.18637
3.18637
3.18637
3.18637
3.18637
3.18637
3.19566
3.22796
3.18637
3.18637
3.18637
3.18637
3.18637
3.18637
3.18637
3.18637
3.18637
3.18637
3.18637
3.18637
3.18637
3.18637
3.18637
3.18637
3.18637
3.22796
3.18637
3.18637
3.18637
3.18637
3.18637
3.18637
3.18637
3.19995
3.18637
3.18637
3.18637
3.18637
3.18637
3.18637
3.18637
3.18637
3.23943
3.18637
3.18637
3.18637
3.18637
3.18637
3.18637
3.18637
3.18637
3.18637
3.18637
3.18637
3.18637
3.18637
3.18637
3.18637
3.18637
3.18637
3.18637
3.18637
3.18637
3.18637
3.18637
3.18637
3.18637
3.18637
3.18637
3.18637
3.18637
3.18637
3.18637
3.18637
3.18637
3.18637
3.20579
3.18637
3.40983
3.40983
3.25813
3.29916
3.18637
3.18637
3.18637
3.18637
3.18637
3.18637
3.30804
3.47067
3.30283
3.45922
3.18637
3.18637
3.18637
3.18637
3.19009
3.19009
3.19009
3.204
3.25549
3.19009
3.19995
3.19995
3.28093
3.25807
3.19995
3.19995
3.18637
3.18637
3.18637
3.18637
3.18637
3.18637
3.18637
3.20872
3.18637
3.19159
3.18637
3.18637
3.19995
3.19995
3.19995
3.19995
3.19995
3.19995
3.19995
3.19995
3.19995
3.21815
3.18637
3.18637
3.18637
3.18637
3.18637
3.18637
3.18637
3.36966
3.18637
3.18637
3.18637
3.18637
3.18637
3.18637
3.18637
3.18637
3.18637
3.18637
3.18637
3.18637
3.18637
3.18637
3.18637
3.18637
3.18637
3.18637
3.18637
3.18637
3.18637
3.18637
3.18637
3.18637
3.18637
3.18637
3.18637
3.18637
3.18637
3.18637
3.18637
3.18637
3.18637
3.18637
3.18637
3.18637
3.18637
3.18637
3.18637
3.18637
3.18637
3.18637
3.18637
3.18637
3.18637
3.18637
3.18637
3.19009
3.18637
3.18637
3.18637
3.18637
3.18637
3.18637
3.18637
3.18637
3.18637
3.28199
3.18637
3.18637
3.18637
3.18637
3.18637
3.18637
3.18637
3.18637
3.18637
3.18637
3.18637
3.18637
3.18637
3.18637
3.18637
3.18637
3.18637
3.18637
3.18637
3.18637
3.18637
3.18637
3.18637
3.18637
3.18637
3.18637
3.18637
3.18637
3.39813
3.51759
3.31386
3.29916
3.29916
3.18637
3.18637
3.18637
3.18637
3.18637
3.18637
3.18637
3.18637
3.18637
3.18637
3.18637
3.18637
3.18637
3.18637
3.18637
3.18637
3.18637
3.18637
3.18637
3.18637
3.18637
3.18637
3.18637
3.18637
3.18637
3.18637
3.18637
3.18637
3.18637
3.38936
3.18637
3.18637
3.18637
3.18637
3.18637
3.18637
3.18637
3.18637
3.18637
3.18637
3.18637
3.18637
3.18637
3.18637
3.18637
3.18637
3.18637
3.18637
3.18637
3.18637
3.18637
3.18637
3.18637
3.18637
3.18637
3.18637
3.18637
3.18637
3.18637
3.18637
3.18637
3.18637
3.18637
3.18637
3.18637
3.18637
3.18637
3.18637
3.18637
3.18637
3.18637
3.18637
3.18637
3.18637
3.18637
3.18637
3.18637
3.18637
3.18637
3.18637
3.18637
3.18637
3.18637
3.18637
3.18637
3.18637
3.18637
3.18637
3.18637
3.18637
3.18637
3.18637
3.18637
3.22849
3.18637
3.39813
3.22849
3.24207
3.22849
3.22849
3.2086
3.2086
3.2086
3.2086
3.2086
3.2086
3.2086
3.2086
3.2086
3.2086
3.2086
3.2086
3.22217
3.2086
3.2086
3.2086
3.35172
3.35172
3.35172
3.35172
3.2086
3.2086
3.2086
3.2086
3.2086
3.2086
3.2086
3.2086
3.2086
3.2086
3.2086
3.2086
3.2086
3.2086
3.2086
3.2086
3.2086
3.2086
3.2086
3.2086
3.2086
3.2086
3.2086
3.2086
3.2086
3.2086
3.2086
3.2086
3.2086
3.2086
3.2086
3.2086
3.2086
3.2086
3.2086
3.2086
3.2086
3.2086
3.2086
3.2086
3.2086
3.2086
3.2086
3.2086
3.2086
3.2086
3.2086
3.2086
3.2086
3.2086
3.2086
3.2086
3.2086
3.2086
3.2086
3.2086
3.2086
3.2086
3.2086
3.2086
3.2086
3.2086
3.2086
3.2086
3.2086
3.2086
3.2086
3.2086
3.2086
3.2086
3.2086
3.22217
3.2086
3.27612
3.26165
3.2086
3.2086
3.2086
3.2086
3.2086
3.2086
3.2086
3.2086
3.2086
3.2086
3.2086
3.2086
3.2086
3.2086
3.2086
3.2086
3.2086
3.2086
3.22217
3.2086
3.2086
3.2086
3.2086
3.2086
3.2086
3.2086
3.2086
3.2086
3.2086
3.2086
3.2086
3.2086
3.2086
3.2086
3.2086
3.2086
3.2086
3.2086
3.2086
3.2086
3.2086
3.2086
3.2086
3.2086
3.2086
3.2086
3.2086
3.2086
3.2086
3.2086
3.2086
3.2086
3.2086
3.25139
3.2086
3.25018
3.2086
3.19566
3.2086
3.19566
3.18637
3.18637
3.18637
3.18637
3.18637
3.18637
3.18637
3.18637
3.18637
3.18637
3.18637
3.18637
3.25808
3.18637
3.18637
3.18637
3.18637
3.18637
3.18637
3.31734
3.19566
3.19566
3.19566
3.18637
3.18637
3.18637
3.18637
3.18637
3.18637
3.18637
3.18637
3.18637
3.18637
3.18637
3.18637
3.18637
3.18637
3.18637
3.18637
3.18637
3.18637
3.18637
3.18637
3.18637
3.18637
3.18637
3.18637
3.18637
3.18637
3.18637
3.18637
3.18637
3.18637
3.18637
3.18637
3.18637
3.18637
3.18637
3.18637
3.18637
3.18637
3.18637
3.18637
3.18637
3.18637
3.18637
3.18637
3.18637
3.18637
3.18637
3.18637
3.18637
3.18637
3.18637
3.18637
3.18637
3.18637
3.18637
3.18637
3.18637
3.18637
3.18637
3.18637
3.18637
3.18637
3.18637
3.19159
3.18637
3.48094
3.29916
3.29916
3.18637
3.18637
3.29916
3.29916
3.29916
3.29916
3.29916
3.29916
3.29916
3.29916
3.29916
3.29916
3.44781
3.29916
3.29916
3.29916
3.18637
3.18637
3.29916
3.29916
3.64033
3.41592
3.29916
3.29916
3.29916
3.29916
3.29916
3.29916
3.29916
3.29916
3.29916
3.29916
3.69124
3.69124
3.29916
3.30438
3.30438
3.30438
3.29916
3.29916
3.29916
3.29916
3.29916
3.29916
3.29916
3.29916
3.29916
3.29916
3.29916
3.29916
3.29916
3.29916
3.18637
3.29916
3.29916
3.29916
3.29916
3.29916
3.29916
3.29916
3.29916
3.29916
3.29916
3.29916
3.29916
3.29916
3.29916
3.29916
3.29916
3.29916
3.29916
3.29916
3.18637
3.29916
3.29916
3.29916
3.38979
3.29916
3.29916
3.29916
3.29916
3.29916
3.29916
3.29916
3.29916
3.29916
3.29916
3.29916
3.29916
3.29916
3.29916
3.29916
3.29916
3.29916
3.29916
3.29916
3.99385
3.84295
3.29916
3.29916
3.29916
3.29916
3.29916
3.29916
3.29916
3.29916
3.29916
3.29916
3.29916
3.29916
3.29916
3.29916
3.29916
3.29916
3.29916
3.29916
3.29916
3.29916
3.29916
3.29916
3.29916
3.29916
3.29916
3.29916
3.29916
3.29916
3.29916
3.29916
3.29916
3.29916
3.29916
3.29916
3.29916
3.29916
3.29916
3.29916
3.29916
3.29916
3.29916
3.29916
3.29916
3.29916
3.29916
3.18637
3.18637
3.41592
3.29916
3.29916
3.29807
3.29807
3.18637
3.18637
3.18637
3.18637
3.18637
3.18637
3.18637
3.19159
3.18637
3.18637
3.18637
3.18637
3.18637
3.18637
3.18637
3.18637
3.18637
3.18637
3.18637
3.18637
3.18637
3.18637
3.18637
3.18637
3.18637
3.18637
3.18637
3.18637
3.18637
3.18637
3.18637
3.18637
3.18637
3.18637
3.18637
3.18637
3.18637
3.18637
3.18637
3.18637
3.18637
3.18637
3.18637
3.18637
3.18637
3.18637
3.18637
3.18637
3.18637
3.18637
3.18637
3.18637
3.28093
3.18637
3.47692
3.45976
3.41912
3.41912
3.36498
3.32315
3.22671
3.22671
3.46948
3.34799
3.2363
3.34799
3.34799
3.2363
3.2363
3.2363
3.2363
3.2363
3.2363
3.22796
3.22796
3.22796
3.22796
3.22796
3.22796
3.22796
3.22796
3.18637
3.18637
3.18637
3.18637
3.18637
3.18637
3.18637
3.18637
3.18637
3.18637
3.18637
3.18637
3.18637
3.18637
