1.98
1.97806
1.972
1.96111
1.94421
1.91964
1.88512
1.83796
1.77524
1.69452
1.59512
1.47962
1.35526
1.23335
1.1265
1.04461
0.992287
0.968711
0.96923
0.987275
1.01598
1.04926
1.08241
1.11217
1.13687
1.15617
1.17077
1.18168
1.18955
1.19432
1.19527
1.19158
1.18295
1.17
1.15434
1.13816
1.12403
1.11464
1.11232
1.11779
1.12942
1.14403
1.15846
1.17042
1.1785
1.18186
1.18009
1.17326
1.16203
1.14791
1.13318
1.12049
1.11214
1.10933
1.11168
1.11762
1.12518
1.13251
1.13821
1.14155
1.1425
1.14168
1.14005
1.13851
1.13778
1.1384
1.14066
1.14427
1.14809
1.15071
1.15111
1.1491
1.14521
1.14031
1.13518
1.13026
1.12575
1.1217
1.11807
1.11452
1.11056
1.10564
1.09954
1.09245
1.08472
1.07671
1.0687
1.06116
1.05476
1.05019
1.04793
1.04807
1.05032
1.05434
1.05995
1.06713
1.07576
1.08538
1.09511
1.10387
1.1108
1.11547
1.11762
1.11654
1.11108
1.10063
1.0862
1.07029
1.05575
1.0444
1.03704
1.03419
1.03676
1.04572
1.06081
1.07995
1.0997
1.11667
1.12884
1.1359
1.13869
1.13823
1.13499
1.12911
1.12078
1.11056
1.09925
1.08753
1.07558
1.06303
1.04947
1.03543
1.02306
1.01563
1.01576
1.02354
1.03637
1.05049
1.0627
1.07129
1.07588
1.07707
1.07601
1.07396
1.07199
1.07069
1.07009
1.06975
1.06899
1.06722
1.0642
1.06038
1.05675
1.05437
1.05376
1.05471
1.05666
1.05931
1.06287
1.06777
1.07425
1.08223
1.09111
1.09979
1.10676
1.11057
1.11033
1.10613
1.09899
1.09043
1.08195
1.07458
1.06887
1.06507
1.06338
1.06396
1.06671
1.071
1.07582
1.08053
1.08539
1.0915
1.09997
1.11104
1.12387
1.13702
1.14926
1.15998
1.16906
1.17645
1.18182
1.18461
1.18444
1.18143
1.17618
1.16956
1.16225
1.15448
1.14576
1.13514
1.12172
1.10523
1.08621
1.06595
1.046
1.02766
1.01154
0.997589
0.985542
0.975388
0.96759
0.962925
0.962149
0.965571
0.972961
0.983657
0.996657
1.01065
1.02407
1.03539
1.04356
1.04859
1.0516
1.05445
1.05889
1.06567
1.07429
1.08331
1.09128
1.09755
1.10248
1.10696
1.11169
1.11688
1.12246
1.12839
1.1348
1.14174
1.1487
1.15438
1.15727
1.15665
1.15304
1.14753
1.14086
1.13304
1.12391
1.11377
1.10375
1.0953
1.08988
1.08902
1.0945
1.10709
1.12465
1.14226
1.15493
1.16002
1.15745
1.14856
1.13503
1.11824
1.09917
1.07841
1.05641
1.0338
1.01171
0.991817
0.976137
0.966548
0.964316
0.96946
0.98049
0.994956
1.01052
1.02558
1.03919
1.05045
1.05842
1.06237
1.0621
1.05811
1.05163
1.04439
1.03828
1.03494
1.03534
1.03966
1.04739
1.0576
1.06913
1.08088
1.09196
1.1017
1.10948
1.11452
1.11609
1.1137
1.10754
1.09863
1.08865
1.07933
1.07166
1.0657
1.06111
1.05799
1.05726
1.06041
1.06846
1.08085
1.09519
1.10812
1.11687
1.12039
1.11969
1.11741
1.11662
1.11922
1.12513
1.13272
1.13988
1.14488
1.14662
1.14465
1.13914
1.13075
1.12043
1.10905
1.09713
1.08466
1.07123
1.05659
1.04123
1.02683
1.01589
1.01062
1.01164
1.01755
1.02589
1.03451
1.04233
1.04913
1.05502
1.05997
1.06389
1.0668
1.06904
1.07127
1.07418
1.07799
1.08229
1.08631
1.08952
1.09203
1.09434
1.09684
1.09948
1.10182
1.10339
1.10393
1.10348
1.10212
1.09963
1.09537
1.08868
1.07963
1.06957
1.06075
1.05512
1.05282
1.05215
1.05098
1.04822
1.04433
1.04075
1.03892
1.03955
1.04249
1.04686
1.05132
1.05418
1.05375
1.04907
1.04049
1.02981
1.01939
1.01104
1.00522
1.00154
0.999598
0.999633
1.00253
1.00933
1.02059
1.03594
1.05399
1.07255
1.08915
1.10159
1.10867
