           1     -5.4547           0
           2    -5.46006  0.00378742
           3    -5.45362  0.00583202
           4    -5.44927  0.00577239
           5    -5.45732   0.0085588
           6    -5.45844  0.00720515
           7    -5.46347  0.00773071
           8    -5.46752  0.00775494
           9    -5.46764  0.00689425
          10    -5.46011  0.00946413
          11    -5.45843  0.00875222
          12    -5.45821  0.00802562
          13    -5.45965  0.00753722
          14     -5.4612  0.00715684
          15    -5.46283  0.00686128
          16    -5.46223  0.00645862
          17    -5.46383   0.0062751
          18    -5.46398  0.00592821
          19    -5.46386  0.00561731
          20    -5.46251  0.00549659
          21    -5.46255    0.005235
          22    -5.46296  0.00501254
          23    -5.46062  0.00531193
          24     -5.4618  0.00522089
          25    -5.46134  0.00503246
          26    -5.46231  0.00493149
          27    -5.46301  0.00479851
          28     -5.4637  0.00467638
          29    -5.46305  0.00455976
          30    -5.46151  0.00466192
          31     -5.4595  0.00492573
          32    -5.45819   0.0049418
          33    -5.45764  0.00482297
          34    -5.45675  0.00476341
          35    -5.45594  0.00469493
          36    -5.45407  0.00492489
          37    -5.45378  0.00479987
          38    -5.45416   0.0046885
          39    -5.45336  0.00463638
          40    -5.45335  0.00452047
          41    -5.45454  0.00456293
          42    -5.45298  0.00471341
          43    -5.45276  0.00460877
          44    -5.45396  0.00465752
          45    -5.45406  0.00455516
          46    -5.45404  0.00445621
          47     -5.4537  0.00437376
          48    -5.45473  0.00440118
          49     -5.4538  0.00440763
          50    -5.45482  0.00443524
          51    -5.45456  0.00435609
          52    -5.45438  0.00427593
          53     -5.4538  0.00423465
          54    -5.45419  0.00417472
          55    -5.45322  0.00421027
          56    -5.45349  0.00414375
          57    -5.45349  0.00407105
          58    -5.45422  0.00406504
          59    -5.45362   0.0040389
          60    -5.45383   0.0039767
          61     -5.4544  0.00395256
          62    -5.45405  0.00390422
          63    -5.45465  0.00388793
          64    -5.45459  0.00382767
          65    -5.45504   0.0037951
          66    -5.45502  0.00373764
          67    -5.45516  0.00368452
          68    -5.45503  0.00363288
          69    -5.45425   0.0036611
          70    -5.45381  0.00363547
          71    -5.45369  0.00358616
          72    -5.45293  0.00361749
          73    -5.45283  0.00356927
          74    -5.45316  0.00353682
          75    -5.45316  0.00348967
          76    -5.45342  0.00345302
          77    -5.45383  0.00343223
          78    -5.45416  0.00340482
          79    -5.45375  0.00338689
          80    -5.45373  0.00334461
          81    -5.45351   0.0033104
          82     -5.4532  0.00328523
          83    -5.45289  0.00325988
          84    -5.45291  0.00322113
          85    -5.45329  0.00320557
          86    -5.45312  0.00317267
          87    -5.45318  0.00313681
          88    -5.45277  0.00312856
          89    -5.45303  0.00310439
          90    -5.45281  0.00307791
          91    -5.45262  0.00305002
          92    -5.45281   0.0030233
          93    -5.45326  0.00302363
          94    -5.45298  0.00300449
          95    -5.45309  0.00297482
          96    -5.45338  0.00295818
          97    -5.45379  0.00295648
          98    -5.45411   0.0029428
          99    -5.45471  0.00297509
         100    -5.45498  0.00295672
