   0.0512993           0           0
   0.0769489           0           0
    0.102599           0           0
    0.128248           0           0
    0.153898           0           0
    0.179547           0           0
    0.205197           0           0
    0.230847           0           0
    0.256496           0           0
    0.282146           0           0
    0.307796           0           0
    0.333445           0           0
    0.359095           0           0
    0.384745           0           0
    0.410394           0           0
    0.436044           0           0
    0.461694           0           0
    0.487343           0           0
    0.512993           0           0
    0.538642           0           0
    0.564292           0           0
    0.589942           0           0
    0.615591           0           0
    0.641241           0           0
    0.666891           0           0
     0.69254           0           0
     0.71819           0           0
     0.74384           0           0
    0.769489           0           0
    0.795139           0           0
    0.820788           0           0
    0.846438           0           0
    0.872088           0           0
    0.897737 8.66118e-06 8.61777e-06
    0.923387  0.00137645 0.000171814
    0.949037    0.021788 0.000850729
    0.974686    0.152568  0.00182493
     1.00034    0.517517  0.00393852
     1.02599     1.09939  0.00654342
     1.05164     1.70192  0.00731381
     1.07728     2.12165  0.00844415
     1.10293     2.30592  0.00872089
     1.12858     2.31423  0.00837267
     1.15423     2.19434  0.00838237
     1.17988     2.01825  0.00841523
     1.20553     1.82067  0.00655496
     1.23118     1.61962  0.00780122
     1.25683     1.43583  0.00766149
     1.28248     1.28071  0.00641893
     1.30813     1.14815  0.00612734
     1.33378     1.02977  0.00564055
     1.35943    0.947165  0.00568603
     1.38508    0.868557  0.00514152
     1.41073    0.810732  0.00466584
     1.43638    0.750679  0.00411939
     1.46203     0.71257  0.00420558
     1.48768     0.68564  0.00362727
     1.51333    0.659803  0.00384899
     1.53898    0.644249  0.00464254
     1.56463    0.631677  0.00445386
     1.59028    0.630505  0.00387979
     1.61593    0.630121   0.0041908
     1.64158    0.636211  0.00404272
     1.66723    0.644489  0.00387794
     1.69288    0.661949  0.00400768
     1.71853    0.684978  0.00365798
     1.74418    0.712503  0.00340672
     1.76983    0.735293  0.00333677
     1.79547    0.770138  0.00354297
     1.82112    0.807843    0.003837
     1.84677    0.850474   0.0038029
     1.87242     0.89296  0.00361039
     1.89807    0.939237  0.00394539
     1.92372    0.979052   0.0042991
     1.94937     1.00989  0.00411127
     1.97502     1.04309   0.0042433
     2.00067      1.0775  0.00400638
     2.02632     1.10935  0.00364267
     2.05197     1.12735  0.00389347
     2.07762     1.13882  0.00373803
     2.10327     1.15051  0.00370376
     2.12892     1.14825  0.00338518
     2.15457     1.14225  0.00382556
     2.18022     1.12873  0.00352138
     2.20587     1.11879  0.00354771
     2.23152      1.0954   0.0039471
     2.25717     1.07488  0.00382516
     2.28282     1.04814  0.00389483
     2.30847     1.01604  0.00369824
     2.33412    0.989243  0.00339119
     2.35977    0.967345  0.00300332
     2.38542    0.946104  0.00331788
     2.41107    0.926174  0.00351426
     2.43672    0.903451  0.00319877
     2.46237    0.888654  0.00276875
     2.48802    0.875491  0.00309538
     2.51366    0.867318  0.00324747
     2.53931    0.857962   0.0026014
     2.56496    0.854286  0.00254142
     2.59061    0.855295  0.00252986
