           1     1.32212           0
           2     1.36356   0.0292971
           3     1.39412   0.0316907
           4     1.43581   0.0432222
           5      1.4215   0.0368699
           6      1.4301   0.0317111
           7      1.4237   0.0278178
           8     1.40439   0.0303094
           9     1.38752   0.0312861
          10     1.42013   0.0418281
          11     1.42723   0.0386243
          12     1.41429    0.037513
          13     1.40773    0.035195
          14      1.3975   0.0341353
          15     1.38613   0.0337028
          16     1.39033   0.0318573
          17     1.37973   0.0316973
          18     1.37122   0.0310575
          19     1.37151   0.0294242
          20     1.38648   0.0315326
          21     1.38855   0.0300991
          22     1.38627   0.0288171
          23     1.40364   0.0323762
          24     1.40246   0.0310487
          25      1.4054   0.0299457
          26     1.40086   0.0291359
          27     1.39552    0.028541
          28     1.39016   0.0280215
          29     1.39067   0.0270599
          30     1.40159   0.0282737
          31     1.41512   0.0304308
          32     1.42425   0.0308177
          33     1.42797    0.030108
          34     1.43581    0.030224
          35     1.43502   0.0293707
          36     1.44109   0.0291762
          37     1.43745   0.0286135
          38     1.43731   0.0278609
          39     1.44159   0.0274734
          40      1.4402   0.0268219
          41     1.43675   0.0263881
          42     1.44541   0.0271434
          43     1.45032   0.0269535
          44     1.44411   0.0270479
          45     1.44437    0.026448
          46     1.44842   0.0261819
          47      1.4505   0.0257069
          48     1.44451   0.0258588
          49     1.45021    0.025952
          50     1.44602   0.0257699
          51     1.44726   0.0252947
          52     1.44612   0.0248342
          53     1.44771   0.0244165
          54     1.44717   0.0239702
          55     1.45605   0.0251259
          56     1.45523   0.0246907
          57     1.45299   0.0243591
          58     1.44972   0.0241579
          59     1.45167    0.023827
          60     1.45417    0.023561
          61     1.44959   0.0236158
          62     1.45134   0.0232996
          63     1.44833   0.0231237
          64     1.44763   0.0227729
          65     1.44583   0.0224932
          66     1.44817   0.0222734
          67     1.44857   0.0219445
          68     1.44925   0.0216325
          69     1.45337   0.0217066
          70     1.45539   0.0214907
          71     1.45652   0.0212175
          72      1.4598   0.0211753
          73     1.45889   0.0209046
          74     1.45627   0.0207863
          75     1.45542   0.0205263
          76     1.45609    0.020267
          77     1.45429   0.0200835
          78     1.45287    0.019876
          79     1.45429   0.0196753
          80     1.45464   0.0194324
          81     1.45476   0.0191929
          82     1.45709   0.0190991
          83     1.45665    0.018874
          84     1.45672   0.0186495
          85     1.45387    0.018647
          86     1.45396   0.0184304
          87     1.45276   0.0182576
          88     1.45384    0.018082
          89      1.4523   0.0179441
          90     1.45315   0.0177646
          91     1.45402   0.0175906
          92     1.45418   0.0174002
          93     1.45175    0.017382
          94     1.45235   0.0172073
          95     1.44903   0.0173436
          96     1.44879   0.0171646
          97     1.44727    0.017055
          98     1.44595   0.0169316
          99     1.44274   0.0170624
         100     1.44149   0.0169376
