1.542
1.52577
1.47714
1.39655
1.28503
1.14601
0.986892
0.820077
0.662547
0.532742
0.445294
0.406311
0.412029
0.451321
0.509945
0.574313
0.633679
0.680844
0.712036
0.726367
0.725323
0.712374
0.692451
0.671164
0.654035
0.645458
0.647915
0.661694
0.685189
0.715497
0.749017
0.782046
0.811334
0.834677
0.851226
0.86145
0.866976
0.870036
0.872617
0.87582
0.879776
0.88396
0.887513
0.889355
0.888264
0.883004
0.87257
0.856449
0.835045
0.809957
0.784082
0.761056
0.744232
0.735665
0.735684
0.742942
0.754887
0.768377
0.780603
0.789646
0.794672
0.79581
0.793748
0.789412
0.783723
0.777562
0.771856
0.767423
0.764884
0.764685
0.767293
0.773302
0.783428
0.79814
0.817176
0.839067
0.861195
0.880328
0.893617
0.899425
0.897715
0.889559
0.876451
0.859889
0.841454
0.822963
0.806407
0.793438
0.785168
0.781855
0.782898
0.786756
0.791305
0.794287
0.79395
0.789441
0.780859
0.769252
0.756392
0.744551
0.735925
0.73214
0.733632
0.739695
0.748778
0.759079
0.769195
0.778544
0.787411
0.796503
0.806362
0.816899
0.827513
0.837249
0.845071
0.850141
0.851868
0.849962
0.844531
0.83618
0.825989
0.815204
0.805087
0.796645
0.790536
0.787093
0.786264
0.787831
0.791488
0.796917
0.803597
0.81054
0.816408
0.819735
0.819331
0.814634
0.805982
0.79461
0.782482
0.771977
0.76528
0.763666
0.766961
0.773495
0.780685
0.785911
0.787227
0.783781
0.775963
0.765241
0.753769
0.74397
0.737769
0.735962
0.738078
0.742723
0.748452
0.754675
0.762005
0.771758
0.784842
0.80079
0.817786
0.833786
0.847629
0.859129
0.868435
0.875551
0.880175
0.881988
0.881039
0.877791
0.872905
0.86698
0.860597
0.854279
0.848403
0.843282
0.839033
0.835452
0.831858
0.827086
0.819801
0.808819
0.793579
0.774378
0.752448
0.729713
0.708515
0.691107
0.679151
0.673545
0.67434
0.680789
0.691644
0.705651
0.721927
0.740138
0.760291
0.782185
0.804988
0.827269
0.847415
0.86412
0.876623
0.884657
0.888163
0.887289
0.882377
0.874163
0.86406
0.853896
0.845348
0.839167
0.83503
0.831772
0.82788
0.822051
0.81363
0.802738
0.790224
0.777362
0.765435
0.755474
0.748256
0.744346
0.744147
0.747827
0.755178
0.765733
0.778759
0.793395
0.80869
0.82366
0.837278
0.848564
0.856832
0.861773
0.863563
0.862784
0.86019
0.856519
0.852254
0.847584
0.842399
0.836494
0.829638
0.821774
0.81305
0.803836
0.794563
0.785435
0.77636
0.767
0.7571
0.74669
0.736034
0.725532
0.71581
0.707991
0.703775
0.705039
0.713027
0.727632
0.747317
0.769714
0.79233
0.812958
0.829819
0.841636
0.847857
0.848872
0.846159
0.841992
0.838757
0.838245
0.841063
0.846491
0.852854
0.858143
0.860553
0.858899
0.852734
0.842308
0.828662
0.81365
0.799888
0.790082
0.786387
0.789694
0.799441
0.813699
0.829713
0.844513
0.855442
0.860559
0.858726
0.849494
0.832979
0.810012
0.782532
0.753934
0.728789
0.71181
0.706157
0.712126
0.726969
0.746064
0.764568
0.778755
0.786481
0.787218
0.781783
0.771999
0.76028
0.749247
0.741376
0.738738
0.742894
0.75462
0.773559
0.798271
0.826458
0.855451
0.882585
0.905389
0.921782
0.930417
0.930777
0.923173
0.908659
0.888814
0.865557
0.840905
0.816579
0.793694
0.772694
0.753632
0.736592
0.72207
0.711012
0.704632
0.704023
0.709872
0.722422
0.741306
0.765237
0.792104
0.819233
0.843687
0.862806
0.874531
0.877711
0.872264
0.859335
0.841031
0.819948
0.79861
0.778924
0.762178
0.749482
0.741917
0.740055
0.743217
0.749671
0.757543
0.765414
0.772449
0.778122
0.782149
0.784362
0.784885
0.78417
0.782952
0.782263
0.78328
0.787025
0.794004
0.803913
0.815534
0.827023
0.836557
0.84277
0.845186
0.844383
0.841729
0.838969
0.837576
0.838298
0.841019
0.844924
0.84877
0.851149
0.850806
0.84689
0.839067
0.827526
0.812894
0.796153
0.778627
