         0.5     79.1991    0.356691
        0.55     59.3318    0.352281
         0.6     44.4027    0.292019
        0.65     32.6242    0.177186
         0.7     24.5997    0.126538
        0.75     19.0806   0.0922594
         0.8     15.2466   0.0813359
        0.85     12.4279   0.0614943
         0.9     10.2835   0.0370743
        0.95      8.6906   0.0299377
           1     7.45027   0.0277099
        1.05     6.37755   0.0175242
         1.1     5.61029   0.0120032
        1.15     4.95602   0.0110248
         1.2     4.39729   0.0149321
        1.25     3.94673  0.00872272
         1.3     3.58397  0.00665302
        1.35      3.2574  0.00810662
         1.4     2.96927  0.00550415
        1.45     2.73933   0.0041661
         1.5      2.5285  0.00480679
        1.55     2.33535  0.00299402
         1.6     2.18356  0.00351548
        1.65     2.03399  0.00423312
         1.7     1.91013  0.00359616
        1.75     1.79152  0.00253625
         1.8     1.68605  0.00263797
        1.85     1.59332  0.00203451
         1.9     1.50555  0.00246203
        1.95     1.42759  0.00224075
           2     1.36238  0.00235917
        2.05     1.29476  0.00130119
