         0.5   -0.974296  0.00037438
        0.55   -0.955175 0.000402686
         0.6   -0.935429 0.000356817
        0.65   -0.913678 0.000256276
         0.7   -0.891932 0.000219629
        0.75   -0.870366 0.000200341
         0.8   -0.848489 0.000201096
        0.85   -0.826464 0.000177053
         0.9   -0.804528 0.000213209
        0.95   -0.782896 0.000141649
           1   -0.761859 0.000145465
        1.05   -0.740699 0.000120386
         1.1   -0.720796 0.000174027
        1.15   -0.701088 0.000183249
         1.2   -0.682146  0.00015937
        1.25   -0.663774 0.000179361
         1.3   -0.646888 0.000149673
        1.35   -0.629659 0.000139837
         1.4   -0.613407 0.000142989
        1.45    -0.59777 0.000135213
         1.5   -0.582814 0.000133519
        1.55   -0.568385 0.000131658
         1.6   -0.554739 0.000125354
        1.65   -0.541309 0.000121764
         1.7   -0.528917 8.25982e-05
        1.75   -0.516456 0.000170267
         1.8   -0.504895 9.30616e-05
        1.85   -0.493211  0.00012787
         1.9   -0.482423 0.000133237
        1.95   -0.472064   0.0001303
           2   -0.462166 0.000102008
        2.05   -0.452426 9.02945e-05
