         0.5    0.329835  0.00044989
        0.55    0.398192 0.000768641
         0.6    0.423254 0.000437066
        0.65    0.425974 0.000603917
         0.7    0.433271 0.000405161
        0.75    0.437961 0.000395351
         0.8    0.440082 0.000221807
        0.85    0.439622 0.000288458
         0.9     0.43661 0.000185167
        0.95     0.43069 0.000292006
           1    0.420593 0.000178301
        1.05    0.407248 0.000230449
         1.1    0.395744 0.000292086
        1.15    0.383982 0.000100963
         1.2    0.370802 0.000100591
        1.25    0.355692 0.000218329
         1.3    0.343802 0.000110405
        1.35    0.331286 0.000121786
         1.4    0.317743 0.000130418
        1.45    0.305774 0.000124367
         1.5    0.292808 5.35534e-05
        1.55    0.281272 6.93766e-05
         1.6    0.269855   5.404e-05
        1.65    0.259199 3.77004e-05
         1.7    0.248878 6.36119e-05
        1.75    0.239336 4.71228e-05
         1.8    0.229933  0.00010016
        1.85    0.221272 1.79681e-05
         1.9    0.212544 5.04797e-05
        1.95     0.20488 0.000124026
           2     0.19688 6.38734e-05
        2.05    0.189477 6.68578e-05
