         0.5    0.897347  0.00599922
        0.55    0.788536  0.00454686
         0.6    0.670819  0.00525276
        0.65    0.551642  0.00377901
         0.7      0.4437  0.00427316
        0.75    0.351575  0.00302178
         0.8    0.289234  0.00247184
        0.85    0.242015  0.00238239
         0.9    0.202851   0.0013809
        0.95    0.169176   0.0018149
           1    0.147852  0.00113279
        1.05    0.125545  0.00142424
         1.1    0.110829  0.00103355
        1.15   0.0993226 0.000789089
         1.2   0.0875357 0.000827816
        1.25   0.0796131 0.000700531
         1.3   0.0728533 0.000564053
        1.35   0.0662777 0.000620803
         1.4   0.0604524 0.000741453
        1.45    0.054039 0.000649326
         1.5   0.0516562 0.000614364
        1.55   0.0466483  0.00053201
         1.6   0.0437176 0.000598603
        1.65   0.0411993 0.000646273
         1.7   0.0376812 0.000394591
        1.75   0.0357903 0.000392218
         1.8   0.0335155 0.000437259
        1.85   0.0315454 0.000361382
         1.9   0.0309331 0.000410072
        1.95   0.0282455 0.000404797
           2    0.026458 0.000345724
        2.05   0.0256455 0.000290659
