           1    0.327464    0.327464           0
           2    0.330525    0.328994  0.00108197
           3    0.333392     0.33046  0.00139752
           4    0.330565    0.330487  0.00104839
           5    0.330838    0.330557 0.000841062
           6    0.328869    0.330276 0.000746462
           7    0.331778     0.33049 0.000669986
           8    0.332019    0.330681 0.000612879
           9    0.333485    0.330993 0.000618904
          10    0.332182    0.331112 0.000568332
          11    0.330493    0.331056  0.00051944
          12    0.331046    0.331055 0.000476154
          13    0.328879    0.330887 0.000468029
          14     0.32803    0.330683  0.00047703
          15    0.327837    0.330494 0.000481494
          16    0.329188    0.330412 0.000458259
          17    0.327865    0.330262 0.000455136
          18    0.327683    0.330119 0.000451848
          19    0.326897    0.329949 0.000458787
          20    0.327661    0.329835  0.00044989
           1    0.402777    0.402777           0
           2    0.390794    0.396786  0.00423679
           3    0.392046    0.395206  0.00310512
           4    0.390703     0.39408  0.00252464
           5    0.394971    0.394258  0.00202599
           6    0.395811    0.394517  0.00170476
           7    0.397109    0.394887  0.00150091
           8    0.398139    0.395294  0.00136722
           9    0.398922    0.395697  0.00127335
          10    0.400895    0.396217   0.0012476
          11     0.40117    0.396667  0.00121273
          12    0.400174    0.396959  0.00114634
          13    0.399889    0.397185  0.00108009
          14    0.399327    0.397338  0.00101372
          15    0.399882    0.397507 0.000960222
          16    0.400205    0.397676 0.000914888
          17    0.399923    0.397808 0.000870565
          18    0.399732    0.397915 0.000828737
          19    0.400573    0.398055 0.000796838
          20     0.40079    0.398192 0.000768641
           1    0.427564    0.427564           0
           2    0.427074    0.427319 0.000172947
           3    0.425571    0.426736 0.000489522
           4    0.425653    0.426466 0.000435624
           5    0.424001    0.425973 0.000561991
           6    0.424345    0.425701 0.000529785
           7    0.424118    0.425475 0.000500033
           8    0.423691    0.425252  0.00048471
           9    0.422847    0.424985 0.000499093
          10    0.421439     0.42463 0.000561208
          11    0.420628    0.424267 0.000616961
          12    0.420506    0.423953 0.000640209
          13    0.420819    0.423712 0.000634725
          14    0.422716    0.423641 0.000593363
          15    0.422306    0.423552 0.000560443
          16    0.422689    0.423498 0.000528004
          17    0.422355    0.423431 0.000501205
          18     0.42258    0.423384 0.000475581
          19    0.422307    0.423327 0.000453915
          20    0.421865    0.423254 0.000437066
           1     0.41739     0.41739           0
           2    0.421226    0.419308  0.00135615
           3    0.423125     0.42058   0.0013773
           4     0.42457    0.421578  0.00134651
           5    0.425899    0.422442   0.0013259
           6    0.427808    0.423336  0.00137381
           7    0.428969    0.424141  0.00139345
           8    0.429811     0.42485  0.00138785
           9      0.4282    0.425222   0.0012826
          10    0.427416    0.425441  0.00117296
          11    0.426239    0.425514  0.00106857
          12    0.425604    0.425521 0.000979547
          13     0.42598    0.425557 0.000904832
          14    0.425886     0.42558 0.000840507
          15    0.426732    0.425657 0.000787972
          16    0.427015    0.425742 0.000743278
          17    0.426597    0.425792 0.000701258
          18    0.427132    0.425867 0.000666237
          19    0.426971    0.425925 0.000633704
          20    0.426906    0.425974 0.000603917
           1    0.427934    0.427934           0
           2    0.431228    0.429581  0.00116443
           3    0.432554    0.430572  0.00112133
           4    0.431566    0.430821 0.000868098
           5    0.432423    0.431141 0.000751326
           6    0.432752     0.43141 0.000672346
           7    0.432881     0.43162 0.000608288
           8    0.435055    0.432049 0.000666809
           9    0.436369    0.432529  0.00074571
          10    0.435576    0.432834 0.000730717
          11    0.435177    0.433047 0.000694638
          12    0.434779    0.433191 0.000651582
          13    0.434253    0.433273 0.000606554
          14    0.433882    0.433316 0.000564788
          15    0.434271     0.43338 0.000530713
          16    0.433854     0.43341 0.000498368
          17    0.433338    0.433405  0.00046907
          18    0.432563    0.433359 0.000445339
          19    0.432359    0.433306 0.000424999
          20    0.432612    0.433271 0.000405161
           1    0.435554    0.435554           0
           2    0.431142    0.433348  0.00155995
           3    0.437616     0.43477  0.00155908
           4    0.438236    0.435637  0.00138939
           5    0.439051     0.43632  0.00126822
           6    0.439798    0.436899  0.00118197
           7    0.437627    0.437003  0.00101768
           8    0.438336     0.43717 0.000904001
           9    0.438456    0.437313 0.000814774
          10    0.438007    0.437382 0.000736247
          11    0.438451     0.43748 0.000675695
          12    0.437961     0.43752 0.000620576
          13    0.438396    0.437587 0.000576488
          14     0.43797    0.437614 0.000535959
          15    0.438226    0.437655 0.000501776
          16    0.438576    0.437713 0.000473704
          17    0.438758    0.437774  0.00044981
          18    0.439133     0.43785 0.000431112
          19    0.438764    0.437898   0.0004111
          20    0.439159    0.437961 0.000395351
           1     0.43648     0.43648           0
           2    0.439501     0.43799  0.00106818
           3    0.440273    0.438751 0.000945067
           4    0.440506     0.43919 0.000804222
           5    0.440505    0.439453 0.000685047
           6    0.441032    0.439716  0.00061933
           7    0.439282    0.439654 0.000533955
           8    0.439531    0.439639 0.000467434
           9    0.439368    0.439609 0.000416461
          10     0.44029    0.439677 0.000380345
          11    0.440808     0.43978 0.000359411
          12    0.440046    0.439802 0.000330145
          13    0.439778      0.4398 0.000304755
          14    0.439828    0.439802 0.000282993
          15    0.440258    0.439832 0.000265752
          16    0.440793    0.439892 0.000255834
          17    0.440803    0.439946 0.000246329
          18    0.440695    0.439988 0.000236132
          19    0.440892    0.440035 0.000228448
          20    0.440975    0.440082 0.000221807
           1    0.438892    0.438892           0
           2    0.436521    0.437707 0.000838221
           3    0.436451    0.437288 0.000655087
           4    0.438013    0.437469 0.000515754
           5    0.438875     0.43775 0.000483168
           6    0.438522    0.437879 0.000419405
           7    0.440498    0.438253 0.000499252
           8    0.439914    0.438461 0.000478061
           9     0.44048    0.438685  0.00047469
          10    0.440766    0.438893  0.00047061
          11    0.440597    0.439048 0.000452597
          12    0.440081    0.439134 0.000422983
          13    0.440372    0.439229 0.000401014
          14    0.440486    0.439319 0.000382287
          15    0.440683     0.43941 0.000367455
          16    0.440516    0.439479 0.000350935
          17    0.440457    0.439537 0.000334977
          18    0.440235    0.439576 0.000318607
          19    0.440057    0.439601 0.000302843
          20    0.440029    0.439622 0.000288458
           1    0.436899    0.436899           0
           2    0.436581     0.43674 0.000112494
           3    0.438032    0.437171 0.000359333
           4    0.438461    0.437493 0.000388149
           5    0.438145    0.437624 0.000331703
           6     0.43782    0.437656 0.000278023
           7    0.436246    0.437455 0.000302606
           8    0.437135    0.437415 0.000267404
           9    0.436323    0.437294 0.000263793
          10    0.436412    0.437206 0.000251713
          11    0.435748    0.437073 0.000261387
          12    0.435968    0.436981 0.000255303
          13    0.435878    0.436896 0.000249356
          14    0.436202    0.436847 0.000236418
          15    0.436263    0.436808 0.000223832
          16     0.43621     0.43677 0.000212939
          17    0.435922     0.43672 0.000206179
          18    0.436148    0.436689 0.000197158
          19    0.435847    0.436644 0.000191698
          20    0.435957     0.43661 0.000185167
           1    0.427991    0.427991           0
           2     0.43174    0.429866  0.00132549
           3     0.43262    0.430784  0.00115884
           4    0.433432    0.431446  0.00104125
           5    0.433058    0.431768 0.000881494
           6    0.431738    0.431763 0.000734593
           7    0.431128    0.431672 0.000635237
           8    0.429899    0.431451 0.000593264
           9     0.42976    0.431263 0.000556286
          10    0.429518    0.431088   0.0005273
          11     0.42939    0.430934 0.000501471
          12    0.429316    0.430799 0.000477474
          13    0.429776     0.43072 0.000447182
          14    0.430268    0.430688 0.000416408
          15    0.430512    0.430676 0.000388813
          16    0.430492    0.430665 0.000364684
          17    0.430711    0.430668 0.000343242
          18    0.430765    0.430673 0.000324216
          19    0.430848    0.430682 0.000307283
          20    0.430829     0.43069 0.000292006
           1     0.42096     0.42096           0
           2    0.422666    0.421813 0.000603159
           3    0.422146    0.421924 0.000412202
           4    0.421717    0.421872  0.00031237
           5    0.421202    0.421738 0.000277153
           6    0.420467    0.421526 0.000301234
           7    0.420507    0.421381 0.000291265
           8    0.420495     0.42127 0.000275089
           9    0.420091    0.421139 0.000273937
          10    0.419794    0.421005 0.000277589
          11    0.419756    0.420891 0.000274566
          12    0.419865    0.420806 0.000264661
          13    0.419872    0.420734 0.000253861
          14    0.419731    0.420662 0.000245624
          15    0.419807    0.420605 0.000235767
          16    0.420173    0.420578 0.000222574
          17    0.420622    0.420581 0.000209496
          18    0.420583    0.420581 0.000197858
          19    0.420645    0.420584 0.000187473
          20    0.420758    0.420593 0.000178301
           1    0.405211    0.405211           0
           2    0.405051    0.405131 5.66933e-05
           3    0.406073    0.405445 0.000259246
           4    0.406298    0.405658 0.000268084
           5    0.406225    0.405772 0.000237216
           6    0.406931    0.405965 0.000264956
           7    0.407015    0.406115 0.000266214
           8    0.406629    0.406179 0.000240579
           9    0.406859    0.406255 0.000225377
          10    0.407249    0.406354   0.0002237
          11     0.40805    0.406508 0.000250901
          12    0.408384    0.406665 0.000274377
          13    0.408515    0.406807 0.000287829
          14      0.4081    0.406899 0.000281691
          15    0.408168    0.406984 0.000275327
          16     0.40799    0.407047 0.000265197
          17     0.40802    0.407104 0.000255704
          18    0.408047    0.407156 0.000246809
          19     0.40802    0.407202  0.00023797
          20    0.408119    0.407248 0.000230449
           1    0.392359    0.392359           0
           2    0.392735    0.392547 0.000133017
           3    0.393507    0.392867 0.000276092
           4    0.395361    0.393491 0.000578315
           5    0.395834    0.393959 0.000624316
           6    0.395357    0.394192 0.000562059
           7    0.395338    0.394356 0.000505051
           8    0.395674    0.394521 0.000468039
           9    0.396345    0.394723  0.00045784
          10    0.396425    0.394894 0.000442536
          11    0.396542    0.395043 0.000426937
          12    0.396593    0.395173 0.000410417
          13    0.396516    0.395276 0.000391646
          14    0.396736     0.39538 0.000377304
          15    0.396592    0.395461 0.000360692
          16    0.396514    0.395527   0.0003441
          17    0.396484    0.395583 0.000328436
          18    0.396558    0.395637 0.000314623
          19    0.396798    0.395698 0.000303933
          20    0.396603    0.395744 0.000292086
           1    0.383174    0.383174           0
           2    0.383369    0.383271 6.89046e-05
           3    0.383386    0.383309 5.54815e-05
           4    0.383124    0.383263 5.78526e-05
           5    0.384611    0.383532 0.000245463
           6    0.384746    0.383735 0.000275578
           7    0.384706    0.383874  0.00026889
           8    0.384423    0.383942 0.000243907
           9    0.384097    0.383959 0.000217412
          10    0.383985    0.383962 0.000195686
          11    0.383867    0.383953 0.000178087
          12    0.383827    0.383943 0.000163555
          13    0.383822    0.383934  0.00015124
          14    0.383879     0.38393 0.000140487
          15    0.383899    0.383928 0.000131136
          16    0.384125     0.38394 0.000123518
          17    0.384254    0.383958 0.000117624
          18    0.384026    0.383962  0.00011115
          19    0.384117     0.38397 0.000105597
          20    0.384204    0.383982 0.000100963
           1    0.369677    0.369677           0
           2    0.371152    0.370414 0.000521252
           3     0.36992     0.37025 0.000372606
           4    0.370008    0.370189  0.00028433
           5     0.37075    0.370301 0.000248566
           6     0.37137    0.370479 0.000263344
           7    0.370742    0.370517  0.00022838
           8    0.371065    0.370585 0.000209852
           9    0.370855    0.370615 0.000188664
          10    0.371372    0.370691 0.000184344
          11    0.371362    0.370752 0.000177394
          12    0.371015    0.370774 0.000163954
          13    0.370942    0.370787 0.000151853
          14    0.370963      0.3708 0.000141528
          15    0.370654     0.37079 0.000132423
          16    0.370601    0.370778 0.000124671
          17    0.370783    0.370778 0.000117338
          18    0.370998    0.370791 0.000111452
          19    0.370919    0.370797 0.000105792
          20    0.370884    0.370802 0.000100591
           1    0.352156    0.352156           0
           2    0.355038    0.353597  0.00101868
           3    0.355302    0.354165 0.000822574
           4    0.356116    0.354653 0.000747701
           5    0.355657    0.354854 0.000624519
           6    0.354894     0.35486 0.000520467
           7    0.354923    0.354869 0.000446191
           8    0.355363    0.354931 0.000394666
           9     0.35553    0.354998 0.000356371
          10    0.355866    0.355084 0.000331153
          11     0.35583    0.355152 0.000307904
          12    0.356039    0.355226 0.000290975
          13    0.356047    0.355289 0.000275356
          14    0.356057    0.355344 0.000261088
          15    0.356342    0.355411 0.000252008
          16    0.356532    0.355481 0.000245806
          17    0.356628    0.355548 0.000240438
          18    0.356552    0.355604 0.000233453
          19    0.356487     0.35565  0.00022575
          20     0.35649    0.355692 0.000218329
           1    0.341799    0.341799           0
           2     0.34428    0.343039 0.000877285
           3    0.344082    0.343387 0.000650101
           4    0.344053    0.343554 0.000508456
           5    0.344009    0.343645 0.000414848
           6    0.344017    0.343707  0.00035033
           7    0.343977    0.343745 0.000302395
           8    0.344031    0.343781 0.000266693
           9     0.34413     0.34382 0.000239855
          10     0.34411    0.343849 0.000217624
          11    0.343831    0.343847 0.000197846
          12    0.343746    0.343839 0.000181538
          13    0.343544    0.343816 0.000168983
          14    0.343667    0.343806 0.000157246
          15    0.343712    0.343799 0.000146887
          16    0.343872    0.343804 0.000137777
          17    0.343828    0.343805  0.00012968
          18    0.343828    0.343807 0.000122481
          19    0.343836    0.343808 0.000116045
          20    0.343685    0.343802 0.000110405
           1    0.332713    0.332713           0
           2    0.331292    0.332003 0.000502558
           3    0.332423    0.332143 0.000354033
           4    0.332093     0.33213 0.000265742
           5    0.331718    0.332048 0.000225025
           6    0.331411    0.331942 0.000211115
           7    0.331531    0.331883 0.000188922
           8    0.331111    0.331787 0.000188381
           9    0.331215    0.331723 0.000177844
          10    0.331007    0.331651 0.000173869
          11    0.331133    0.331604 0.000164336
          12    0.330953     0.33155 0.000159361
          13    0.331013    0.331509 0.000152368
          14     0.33105    0.331476 0.000144958
          15    0.331036    0.331447 0.000138232
          16    0.330945    0.331415   0.0001331
          17    0.330933    0.331387 0.000128255
          18    0.330781    0.331353 0.000125474
          19    0.330763    0.331322 0.000122649
          20    0.330595    0.331286 0.000121786
           1    0.319623    0.319623           0
           2    0.316409    0.318016  0.00113611
           3    0.317078    0.317703 0.000799269
           4    0.317277    0.317597 0.000606521
           5    0.317515     0.31758 0.000485437
           6    0.318012    0.317652 0.000409821
           7    0.318082    0.317714  0.00035585
           8    0.318152    0.317768 0.000315557
           9    0.318054      0.3178 0.000282083
          10    0.317817    0.317802  0.00025388
          11    0.317611    0.317784 0.000231393
          12    0.317667    0.317775 0.000212317
          13    0.317557    0.317758 0.000196643
          14    0.317504     0.31774 0.000183432
          15    0.317431    0.317719 0.000172353
          16    0.317583    0.317711 0.000161791
          17    0.317797    0.317716 0.000152353
          18    0.317885    0.317725 0.000144179
          19    0.317845    0.317731 0.000136729
          20    0.317971    0.317743 0.000130418
           1    0.303799    0.303799           0
           2    0.304835    0.304317 0.000366383
           3    0.306272    0.304969 0.000585502
           4    0.306652     0.30539 0.000570574
           5    0.306253    0.305562 0.000481864
           6    0.305967     0.30563 0.000406254
           7    0.305736    0.305645   0.0003485
           8    0.305739    0.305657 0.000305135
           9    0.305907    0.305684   0.0002725
          10    0.305759    0.305692 0.000245353
          11    0.305826    0.305704 0.000223351
          12     0.30587    0.305718 0.000205166
          13    0.305785    0.305723  0.00018945
          14     0.30587    0.305734 0.000176208
          15    0.305745    0.305734 0.000164462
          16    0.305846    0.305741 0.000154332
          17    0.305938    0.305753 0.000145684
          18    0.305943    0.305763 0.000137975
          19     0.30585    0.305768 0.000130788
          20    0.305879    0.305774 0.000124367
           1    0.292954    0.292954           0
           2     0.29317    0.293062 7.65123e-05
           3     0.29312    0.293081 5.33598e-05
           4    0.293031    0.293069 4.14659e-05
           5    0.292843    0.293024 5.22634e-05
           6    0.292503    0.292937 9.04366e-05
           7    0.292489    0.292873 9.75956e-05
           8    0.292301    0.292801 0.000108499
           9    0.292386    0.292755 0.000105817
          10    0.292483    0.292728 9.86817e-05
          11    0.292808    0.292735 8.99767e-05
          12    0.292829    0.292743 8.28212e-05
          13    0.292904    0.292755 7.73682e-05
          14    0.292819     0.29276 7.19745e-05
          15    0.292836    0.292765 6.73557e-05
          16    0.292886    0.292773 6.35699e-05
          17    0.293009    0.292787 6.13369e-05
          18    0.292863    0.292791 5.80756e-05
          19    0.292915    0.292797 5.53874e-05
          20    0.293002    0.292808 5.35534e-05
           1    0.281905    0.281905           0
           2    0.281167    0.281536 0.000260752
           3     0.28077    0.281281 0.000271344
           4    0.280792    0.281158 0.000229411
           5    0.280517     0.28103 0.000216493
           6    0.281149     0.28105 0.000181313
           7    0.281051     0.28105 0.000155411
           8     0.28136    0.281089 0.000140722
           9    0.281433    0.281127  0.00013018
          10    0.281453     0.28116 0.000121174
          11    0.281266    0.281169 0.000110545
          12    0.281209    0.281173 0.000101382
          13    0.281259    0.281179 9.37992e-05
          14    0.281262    0.281185 8.72839e-05
          15    0.281282    0.281191 8.17031e-05
          16    0.281388    0.281204 7.75098e-05
          17    0.281547    0.281224 7.55407e-05
          18    0.281622    0.281246  7.4505e-05
          19    0.281472    0.281258 7.15239e-05
          20    0.281545    0.281272 6.93766e-05
           1     0.26959     0.26959           0
           2    0.269236    0.269413 0.000124911
           3    0.270041    0.269622 0.000190188
           4    0.269904    0.269693 0.000155114
           5    0.269426    0.269639 0.000132925
           6     0.26984    0.269673 0.000114905
           7    0.269692    0.269676 9.85239e-05
           8    0.269884    0.269702 8.95881e-05
           9    0.269801    0.269713 8.03099e-05
          10    0.269636    0.269705 7.26414e-05
          11    0.269722    0.269707 6.60542e-05
          12    0.269928    0.269725 6.30635e-05
          13    0.269853    0.269735 5.89762e-05
          14    0.269955    0.269751 5.68117e-05
          15    0.269944    0.269764  5.4462e-05
          16     0.27011    0.269785 5.52031e-05
          17    0.270162    0.269807 5.62336e-05
          18     0.27011    0.269824 5.55599e-05
          19    0.270134     0.26984 5.49784e-05
          20    0.270125    0.269855   5.404e-05
           1    0.259114    0.259114           0
           2    0.259452    0.259283 0.000119657
           3    0.259512    0.259359 0.000101255
           4    0.259449    0.259382 7.83751e-05
           5    0.259292    0.259364 6.47265e-05
           6    0.259018    0.259306 7.53419e-05
           7    0.259164    0.259286 6.72513e-05
           8    0.259094    0.259262 6.29668e-05
           9    0.258987    0.259231 6.29369e-05
          10    0.258941    0.259202 6.29919e-05
          11    0.258997    0.259184 5.99564e-05
          12    0.259029    0.259171 5.63314e-05
          13    0.259089    0.259165 5.23498e-05
          14    0.259109    0.259161 4.87604e-05
          15    0.259283    0.259169 4.61852e-05
          16    0.259226    0.259172 4.34366e-05
          17    0.259194    0.259174 4.09004e-05
          18    0.259287     0.25918 3.91123e-05
          19    0.259333    0.259188 3.78723e-05
          20    0.259419    0.259199 3.77004e-05
           1    0.248633    0.248633           0
           2    0.249248    0.248941 0.000217317
           3    0.249618    0.249167 0.000234512
           4    0.249078    0.249144 0.000176938
           5    0.249088    0.249133  0.00014191
           6    0.249256    0.249154 0.000119717
           7    0.249116    0.249148 0.000102735
           8    0.248988    0.249128 9.18117e-05
           9    0.249056     0.24912 8.19616e-05
          10     0.24892      0.2491 7.61798e-05
          11    0.248688    0.249063 7.79109e-05
          12     0.24868    0.249031 7.76684e-05
          13    0.248667    0.249003  7.6581e-05
          14    0.248564    0.248971 7.72602e-05
          15    0.248533    0.248942 7.74404e-05
          16    0.248595    0.248921 7.55708e-05
          17    0.248635    0.248904 7.29653e-05
          18    0.248789    0.248897 6.91873e-05
          19    0.248724    0.248888 6.61419e-05
          20    0.248685    0.248878 6.36119e-05
           1    0.239594    0.239594           0
           2    0.239615    0.239605 7.40048e-06
           3    0.239808    0.239672 5.54155e-05
           4    0.239785      0.2397 4.81537e-05
           5    0.239538    0.239668 4.82276e-05
           6    0.239353    0.239616 6.25418e-05
           7    0.239375    0.239581 6.23686e-05
           8    0.239132    0.239525 7.57421e-05
           9    0.239332    0.239504 7.02943e-05
          10    0.239204    0.239474 6.93381e-05
          11     0.23926    0.239454 6.57002e-05
          12    0.239142    0.239428 6.51706e-05
          13    0.239169    0.239408 6.31337e-05
          14     0.23919    0.239393 6.05248e-05
          15    0.239131    0.239375 5.89579e-05
          16    0.239209    0.239365 5.61854e-05
          17    0.239311    0.239362 5.29678e-05
          18    0.239138    0.239349 5.14593e-05
          19    0.239215    0.239342 4.92316e-05
          20    0.239224    0.239336 4.71228e-05
           1    0.228458    0.228458           0
           2    0.229129    0.228793 0.000237049
           3    0.229392    0.228993 0.000226992
           4     0.22982      0.2292 0.000247039
           5     0.22977    0.229314 0.000222418
           6    0.229901    0.229412 0.000205723
           7    0.230056    0.229504 0.000195843
           8    0.229946    0.229559 0.000179002
           9    0.230068    0.229616 0.000167823
          10    0.230013    0.229655 0.000155674
          11    0.230037     0.22969 0.000145336
          12    0.230168     0.22973  0.00013857
          13     0.23022    0.229768 0.000132946
          14    0.230185    0.229797 0.000126757
          15    0.230299    0.229831 0.000122644
          16    0.230237    0.229856 0.000117577
          17    0.230188    0.229876 0.000112272
          18    0.230256    0.229897 0.000108003
          19    0.230298    0.229918 0.000104361
          20     0.23021    0.229933  0.00010016
           1    0.221293    0.221293           0
           2     0.22127    0.221282 8.15992e-06
           3    0.221314    0.221292 1.02689e-05
           4    0.221305    0.221295 8.18179e-06
           5    0.221457    0.221328  2.9544e-05
           6    0.221116    0.221292 4.05511e-05
           7    0.221195    0.221278 3.70885e-05
           8    0.221123    0.221259 3.71987e-05
           9    0.221339    0.221268    3.41e-05
          10    0.221316    0.221273 3.10328e-05
          11    0.221245     0.22127 2.83139e-05
          12     0.22126    0.221269 2.59682e-05
          13    0.221239    0.221267 2.40743e-05
          14    0.221206    0.221263  2.2739e-05
          15    0.221175    0.221257 2.19675e-05
          16    0.221339    0.221262 2.11889e-05
          17    0.221281    0.221263 1.99726e-05
          18    0.221346    0.221268 1.93864e-05
          19    0.221356    0.221272 1.89137e-05
          20    0.221273    0.221272 1.79681e-05
           1    0.213374    0.213374           0
           2    0.212616    0.212995 0.000267899
           3    0.212556    0.212849 0.000214873
           4    0.212659    0.212801 0.000166317
           5    0.212743     0.21279 0.000133455
           6    0.212579    0.212755 0.000115755
           7    0.212413    0.212706 0.000109018
           8    0.212383    0.212665 0.000102589
           9      0.2123    0.212625 9.89105e-05
          10    0.212339    0.212596 9.30441e-05
          11    0.212405    0.212579  8.6188e-05
          12    0.212514    0.212573 7.91733e-05
          13    0.212619    0.212577 7.31591e-05
          14    0.212593    0.212578  6.7942e-05
          15    0.212615    0.212581 6.34563e-05
          16    0.212589    0.212581 5.94926e-05
          17    0.212401    0.212571 5.69245e-05
          18    0.212419    0.212562 5.43782e-05
          19    0.212383    0.212553 5.23235e-05
          20    0.212372    0.212544 5.04797e-05
           1    0.205773    0.205773           0
           2    0.205979    0.205876 7.30719e-05
           3    0.206011    0.205921 6.09606e-05
           4    0.205773    0.205884 5.58071e-05
           5    0.205212     0.20575 0.000128203
           6    0.205142    0.205648 0.000141314
           7    0.204898    0.205541 0.000156553
           8    0.204661    0.205431 0.000171307
           9    0.204725    0.205353 0.000169266
          10     0.20474    0.205291 0.000163059
          11    0.204611     0.20523 0.000159539
          12    0.204599    0.205177 0.000154648
          13    0.204604    0.205133 0.000148895
          14    0.204488    0.205087 0.000145202
          15    0.204489    0.205047 0.000140879
          16     0.20445     0.20501  0.00013692
          17    0.204416    0.204975  0.00013324
          18    0.204319    0.204938 0.000130723
          19    0.204316    0.204906 0.000127886
          20    0.204394     0.20488 0.000124026
           1     0.19801     0.19801           0
           2    0.197183    0.197596 0.000292506
           3     0.19682    0.197337 0.000287521
           4    0.196904    0.197229 0.000235171
           5     0.19678    0.197139 0.000204562
           6    0.196768    0.197077 0.000179587
           7    0.197014    0.197068 0.000154162
           8    0.196958    0.197055 0.000135508
           9    0.196919    0.197039 0.000121286
          10    0.196812    0.197017 0.000111261
          11     0.19674    0.196992 0.000103959
          12    0.196858     0.19698 9.58868e-05
          13    0.196698    0.196959  9.0936e-05
          14    0.196783    0.196946 8.53069e-05
          15    0.196746    0.196933 8.06567e-05
          16    0.196708    0.196919  7.6828e-05
          17    0.196689    0.196905 7.34914e-05
          18     0.19675    0.196897 6.99158e-05
          19    0.196751    0.196889 6.66537e-05
          20    0.196717     0.19688 6.38734e-05
           1    0.190091    0.190091           0
           2    0.189751    0.189921 0.000120153
           3    0.190191    0.190011   0.0001086
           4    0.189771    0.189951 9.65942e-05
           5    0.189595     0.18988 0.000100104
           6    0.189575    0.189829 9.54131e-05
           7    0.189386    0.189766 0.000100612
           8    0.189254    0.189702 0.000106484
           9    0.189111    0.189636 0.000113094
          10    0.188957    0.189568 0.000120477
          11    0.189143     0.18953 0.000115554
          12    0.189202    0.189502 0.000109104
          13    0.189315    0.189488 0.000101655
          14    0.189377     0.18948 9.47021e-05
          15    0.189385    0.189474 8.85993e-05
          16    0.189396    0.189469 8.31934e-05
          17    0.189424    0.189466 7.83408e-05
          18    0.189521    0.189469 7.40486e-05
          19    0.189562    0.189474 7.03123e-05
          20    0.189533    0.189477 6.68578e-05
