           1    0.889532    0.889532           0
           2    0.895301    0.892416  0.00203972
           3    0.926212    0.903682  0.00929813
           4    0.926094    0.909285  0.00849571
           5    0.850764    0.897581   0.0124813
           6     0.92681    0.902452   0.0113119
           7    0.859308    0.896289   0.0112504
           8    0.851839    0.890732   0.0111319
           9    0.896335    0.891355   0.0099124
          10    0.909037    0.893123   0.0090775
          11    0.895728     0.89336  0.00825536
          12     0.92224    0.895767  0.00791044
          13    0.926421    0.898125  0.00764533
          14    0.919921    0.899682  0.00725603
          15    0.905517    0.900071  0.00678271
          16    0.913051    0.900882  0.00640713
          17    0.909881    0.901411  0.00605206
          18    0.841501    0.898083  0.00656759
          19    0.878004    0.897026  0.00630637
          20    0.903447    0.897347  0.00599922
           1    0.765487    0.765487           0
           2    0.809856    0.787671   0.0156867
           3    0.778082    0.784475   0.0107786
           4     0.74104    0.773616    0.012401
           5     0.77351    0.773595  0.00992082
           6    0.809263    0.779539   0.0098893
           7    0.813088    0.784332  0.00956765
           8    0.800541    0.786358  0.00858354
           9    0.808657    0.788836  0.00797939
          10    0.783292    0.788281  0.00720068
          11     0.80328    0.789645  0.00667391
          12    0.784556    0.789221  0.00613121
          13    0.797538    0.789861  0.00569286
          14    0.797525    0.790408  0.00531249
          15    0.741606    0.787155  0.00587064
          16     0.79161    0.787433  0.00551032
          17     0.78589    0.787342  0.00518693
          18    0.783705     0.78714  0.00490271
          19    0.809195    0.788301  0.00478011
          20    0.792996    0.788536  0.00454686
           1    0.707374    0.707374           0
           2    0.639389    0.673382   0.0240364
           3    0.622876    0.656547   0.0211123
           4    0.677129    0.661692   0.0164493
           5    0.655695    0.660493   0.0132031
           6    0.664005    0.661078   0.0110156
           7     0.64921    0.659383  0.00957151
           8    0.658194    0.659234  0.00837623
           9    0.682358    0.661803  0.00782969
          10    0.684963    0.664119  0.00738129
          11    0.683284    0.665862  0.00691283
          12    0.631761     0.66302  0.00689616
          13    0.653231    0.662267  0.00640667
          14    0.672776    0.663017  0.00599286
          15    0.670037    0.663485  0.00561158
          16    0.687082     0.66496   0.0054512
          17    0.679368    0.665808  0.00519601
          18    0.709458    0.668233  0.00544389
          19    0.704835    0.670159  0.00548765
          20    0.683351    0.670819  0.00525276
           1    0.558736    0.558736           0
           2    0.524353    0.541544   0.0121563
           3    0.534968    0.539352  0.00829947
           4    0.574624     0.54817  0.00985195
           5    0.552117     0.54896  0.00791312
           6    0.544616    0.548236  0.00662729
           7    0.559698    0.549873  0.00587937
           8    0.563316    0.551554  0.00537923
           9    0.537397    0.549981  0.00500623
          10    0.554471     0.55043   0.0045257
          11    0.562067    0.551488  0.00423612
          12    0.518896    0.548772  0.00467337
          13    0.566122    0.550106  0.00450043
          14    0.565496    0.551205  0.00431113
          15    0.524877     0.54945  0.00436644
          16    0.546434    0.549262   0.0040976
          17    0.545238    0.549025   0.0038634
          18    0.581878     0.55085  0.00405706
          19    0.570315    0.551875  0.00397076
          20    0.547229    0.551642  0.00377901
           1    0.469843    0.469843           0
           2    0.442308    0.456076  0.00973502
           3    0.472871    0.461674  0.00793823
           4     0.41468    0.449926   0.0117884
           5    0.439838    0.447908  0.00960181
           6     0.44991    0.448242   0.0080073
           7    0.457323    0.449539   0.0069677
           8    0.452104     0.44986  0.00610412
           9    0.473997    0.452542  0.00598611
          10    0.422603    0.449548  0.00609034
          11    0.441799    0.448843  0.00557726
          12    0.440932    0.448184  0.00515131
          13    0.443886    0.447853  0.00476565
          14    0.458258    0.448597  0.00448282
          15    0.428606    0.447264   0.0043776
          16     0.39918    0.444259  0.00503087
          17    0.447976    0.444477  0.00473969
          18     0.44803    0.444675  0.00448048
          19    0.452653    0.445095   0.0042643
          20    0.417196      0.4437  0.00427316
           1    0.356272    0.356272           0
           2    0.346584    0.351428  0.00342494
           3    0.343483     0.34878  0.00314475
           4    0.361329    0.351917  0.00359789
           5    0.359402    0.353414  0.00317448
           6    0.340202    0.351212  0.00332249
           7    0.355982    0.351893  0.00291689
           8    0.350565    0.351727    0.002557
           9    0.363454     0.35303  0.00258365
          10    0.326565    0.350384  0.00342206
          11     0.36134     0.35138  0.00325268
          12    0.373015    0.353183  0.00344525
          13    0.337993    0.352014  0.00337254
          14    0.359745    0.352566  0.00317653
          15    0.354138    0.352671  0.00296649
          16    0.371517    0.353849  0.00300584
          17     0.35202    0.353741  0.00283095
          18    0.317523    0.351729  0.00331244
          19    0.343364    0.351289  0.00316723
          20    0.357016    0.351575  0.00302178
           1    0.289808    0.289808           0
           2      0.2819    0.285854  0.00279604
           3    0.273358    0.281689  0.00387816
           4    0.294294     0.28484  0.00398858
           5    0.317828    0.291438  0.00670844
           6    0.275365    0.288759  0.00610179
           7    0.286558    0.288444   0.0052382
           8    0.301582    0.290087  0.00483401
           9    0.295085    0.290642  0.00432868
          10    0.289425     0.29052  0.00389752
          11    0.281925    0.289739  0.00362069
          12    0.301796    0.290744  0.00345557
          13    0.295302    0.291094   0.0032075
          14    0.280161    0.290313    0.003072
          15    0.269192    0.288905  0.00317356
          16    0.294528    0.289257  0.00299461
          17    0.296904    0.289707  0.00285204
          18    0.289194    0.289678  0.00269373
          19    0.279876    0.289162  0.00260089
          20    0.290598    0.289234  0.00247184
           1    0.244081    0.244081           0
           2    0.230665    0.237373  0.00474327
           3    0.258022    0.244256  0.00644836
           4    0.238829    0.242899  0.00497695
           5    0.234126    0.241145   0.0042797
           6    0.244494    0.241703  0.00360263
           7      0.2328    0.240431  0.00330487
           8     0.24549    0.241063  0.00295165
           9     0.23978    0.240921  0.00262713
          10    0.240858    0.240914  0.00236443
          11    0.267417    0.243324  0.00314602
          12    0.234176    0.242561  0.00297478
          13     0.25021     0.24315  0.00280353
          14    0.243708     0.24319  0.00260356
          15    0.239644    0.242953   0.0024407
          16     0.22063    0.241558  0.00265719
          17    0.254769    0.242335  0.00261205
          18     0.25121    0.242828  0.00251303
          19    0.241952    0.242782  0.00238119
          20    0.227446    0.242015  0.00238239
           1    0.201023    0.201023           0
           2    0.207161    0.204092  0.00216997
           3    0.198139    0.202108  0.00217202
           4    0.192929    0.199813  0.00256957
           5    0.201713    0.200193  0.00208357
           6    0.214769    0.202622  0.00281653
           7    0.209462    0.203599  0.00257807
           8    0.199378    0.203072  0.00230918
           9    0.200009    0.202732  0.00207753
          10    0.202606    0.202719  0.00186981
          11    0.196323    0.202138  0.00178796
          12    0.192302    0.201318  0.00181715
          13    0.195956    0.200905  0.00172355
          14    0.202908    0.201048  0.00160637
          15    0.210367     0.20167  0.00161494
          16    0.208414    0.202091  0.00156804
          17    0.211518    0.202646   0.0015708
          18    0.200455    0.202524  0.00148824
          19    0.202198    0.202507  0.00141001
          20    0.209392    0.202851   0.0013809
           1    0.163121    0.163121           0
           2    0.172203    0.167662  0.00321097
           3     0.17392    0.169748  0.00273546
           4     0.17401    0.170814  0.00224956
           5    0.167794     0.17021  0.00187896
           6    0.173861    0.170818  0.00166142
           7    0.176048    0.171565   0.0015832
           8    0.169542    0.171312  0.00140535
           9    0.167576    0.170897  0.00130907
          10    0.163739    0.170182  0.00135986
          11    0.163018     0.16953  0.00138343
          12    0.171382    0.169685  0.00127671
          13    0.167765    0.169537  0.00118702
          14    0.192238    0.171158  0.00191215
          15    0.180585    0.171787  0.00188511
          16    0.164916    0.171357  0.00181554
          17    0.166601    0.171078  0.00173017
          18     0.16058    0.170494  0.00172954
          19    0.153101    0.169579  0.00186511
          20    0.161516    0.169176   0.0018149
           1    0.143867    0.143867           0
           2    0.153307    0.148587   0.0033374
           3    0.146945     0.14804  0.00226938
           4    0.160471    0.151148  0.00318453
           5     0.15036     0.15099  0.00255151
           6    0.143156    0.149684  0.00243755
           7    0.144232    0.148905  0.00221029
           8    0.142076    0.148052  0.00209236
           9    0.150677    0.148344   0.0018801
          10    0.141395    0.147649  0.00181595
          11      0.1494    0.147808  0.00165783
          12    0.143832    0.147477  0.00155243
          13    0.150998    0.147747  0.00145645
          14    0.155617     0.14831  0.00145686
          15    0.139885    0.147748  0.00146399
          16    0.148691    0.147807  0.00137368
          17    0.146341    0.147721  0.00129558
          18    0.144428    0.147538  0.00123645
          19    0.150411    0.147689  0.00118058
          20    0.150955    0.147852  0.00113279
           1    0.124933    0.124933           0
           2    0.116977    0.120955  0.00281287
           3    0.123092    0.121668  0.00196339
           4    0.122858    0.121965  0.00149491
           5    0.122728    0.122118  0.00120369
           6    0.125198    0.122631  0.00110718
           7    0.118926    0.122102  0.00106807
           8    0.129083    0.122975  0.00124087
           9    0.116766    0.122285  0.00128045
          10    0.128548    0.122911  0.00129657
          11    0.142488    0.124691  0.00206611
          12    0.127275    0.124906  0.00190512
          13    0.137354    0.125864  0.00198467
          14    0.123855     0.12572  0.00184809
          15    0.121337    0.125428  0.00174783
          16    0.125885    0.125457  0.00163882
          17    0.117646    0.124997  0.00160553
          18     0.12583    0.125043    0.001517
          19    0.133258    0.125476  0.00149751
          20    0.126861    0.125545  0.00142424
           1    0.110176    0.110176           0
           2    0.114057    0.112117  0.00137193
           3    0.108576    0.110936  0.00132857
           4    0.114855    0.111916  0.00130871
           5    0.107767    0.111086  0.00128339
           6    0.112051    0.111247  0.00107951
           7    0.109302    0.110969 0.000960375
           8    0.112416     0.11115 0.000857196
           9    0.111626    0.111203 0.000763578
          10    0.109849    0.111068 0.000699125
          11    0.115487    0.111469 0.000742095
          12    0.116697    0.111905 0.000797935
          13    0.108248    0.111624 0.000784585
          14    0.103642    0.111053  0.00091248
          15    0.097974    0.110181  0.00119789
          16    0.115275      0.1105  0.00116456
          17    0.106136    0.110243  0.00112398
          18    0.116715    0.110603  0.00111757
          19    0.110276    0.110586  0.00105888
          20    0.115455    0.110829  0.00103355
           1    0.094032    0.094032           0
           2    0.098282    0.096157   0.0015026
           3   0.0944096   0.0955745   0.0011089
           4   0.0985728   0.0963241  0.00105502
           5   0.0948424   0.0960278 0.000884656
           6   0.0999168   0.0966759 0.000945299
           7    0.102391   0.0974924  0.00110811
           8    0.100765   0.0979015  0.00104236
           9    0.100559   0.0981967 0.000967459
          10   0.0997516   0.0983522  0.00088312
          11   0.0991392   0.0984237 0.000805729
          12    0.100983    0.098637 0.000766287
          13    0.104244   0.0990683 0.000819771
          14    0.100228   0.0991511 0.000765387
          15   0.0936676   0.0987855 0.000796894
          16   0.0991952   0.0988111   0.0007475
          17   0.0968576   0.0986962 0.000712307
          18   0.0980116   0.0986582 0.000673749
          19    0.101945   0.0988312 0.000660126
          20    0.108659   0.0993226 0.000789089
           1    0.090546    0.090546           0
           2   0.0922444   0.0913952 0.000600475
           3     0.08611   0.0896335  0.00149311
           4   0.0824136   0.0878285  0.00192288
           5    0.086328   0.0875284  0.00156154
           6   0.0877744   0.0875694  0.00130183
           7   0.0787896   0.0863151  0.00161045
           8   0.0853888   0.0861994   0.0014133
           9   0.0934144    0.087001  0.00146611
          10   0.0854524   0.0868462  0.00132765
          11    0.090064   0.0871387  0.00123876
          12   0.0934068    0.087661  0.00124078
          13   0.0861052   0.0875414   0.0011511
          14   0.0853308   0.0873835  0.00107965
          15   0.0848524   0.0872147  0.00102077
          16   0.0911156   0.0874585 0.000985661
          17   0.0867584   0.0874173 0.000928541
          18   0.0865024   0.0873665 0.000878345
          19   0.0859768   0.0872934 0.000835157
          20   0.0921404   0.0875357 0.000827816
           1   0.0799452   0.0799452           0
           2    0.082322   0.0811336 0.000840326
           3   0.0776692   0.0799788  0.00109676
           4    0.074138   0.0785186  0.00150856
           5   0.0829076   0.0793964  0.00143976
           6   0.0794512   0.0794055  0.00119983
           7   0.0802892   0.0795318  0.00103505
           8    0.079554   0.0795345 0.000905669
           9   0.0839904   0.0800296 0.000930575
          10    0.071468   0.0791735  0.00116668
          11   0.0823612   0.0794633  0.00109602
          12    0.084538   0.0798862   0.0010832
          13   0.0770824   0.0796705  0.00102113
          14   0.0791616   0.0796341 0.000948836
          15   0.0813208   0.0797466 0.000892218
          16   0.0823056   0.0799065 0.000850669
          17   0.0780636   0.0797981 0.000807507
          18   0.0788984   0.0797481 0.000764191
          19    0.079776   0.0797496 0.000723972
          20   0.0770188   0.0796131 0.000700531
           1   0.0736052   0.0736052           0
           2    0.073346   0.0734756  9.1641e-05
           3   0.0718108   0.0729207 0.000457201
           4   0.0766784   0.0738601 0.000882883
           5   0.0724936   0.0735868 0.000747411
           6    0.071602    0.073256 0.000692187
           7   0.0724916   0.0731468 0.000601855
           8   0.0678724   0.0724875 0.000810971
           9   0.0732432   0.0725715 0.000725197
          10     0.06791   0.0721053 0.000788385
          11   0.0744396   0.0723175 0.000744726
          12   0.0738652   0.0724465 0.000693743
          13   0.0762384   0.0727382 0.000699014
          14     0.07387    0.072819 0.000653742
          15     0.07282   0.0728191  0.00061016
          16    0.073136   0.0728389 0.000572346
          17   0.0718732   0.0727821  0.00054149
          18   0.0702488   0.0726414 0.000529381
          19    0.070994   0.0725547  0.00050857
          20   0.0785276   0.0728533 0.000564053
           1   0.0637996   0.0637996           0
           2   0.0646724    0.064236 0.000308581
           3    0.067138   0.0652033 0.000816176
           4   0.0686552   0.0660663 0.000966043
           5   0.0692396    0.066701  0.00095891
           6   0.0700628   0.0672613 0.000948771
           7   0.0717028   0.0678958  0.00100321
           8   0.0673132    0.067823 0.000880447
           9   0.0615912   0.0671305  0.00101915
          10   0.0629168   0.0667092  0.00100056
          11   0.0633768   0.0664062 0.000954359
          12   0.0659808   0.0663708 0.000875487
          13   0.0683328   0.0665217 0.000821048
          14   0.0697832   0.0667547 0.000794765
          15   0.0680972   0.0668442 0.000746804
          16   0.0629308   0.0665996 0.000739096
          17   0.0670688   0.0666272 0.000696135
          18   0.0641592   0.0664901 0.000670827
          19   0.0640236   0.0663603 0.000647959
          20   0.0647084   0.0662777 0.000620803
           1   0.0599796   0.0599796           0
           2   0.0623648   0.0611722 0.000843296
           3    0.052412   0.0582521  0.00244961
           4   0.0593416   0.0585245  0.00185229
           5   0.0613764   0.0590949  0.00156719
           6   0.0619216    0.059566  0.00137498
           7   0.0648548   0.0603215  0.00137051
           8   0.0597488     0.06025  0.00120106
           9   0.0605468   0.0602829  0.00106806
          10   0.0609904   0.0603537 0.000963598
          11   0.0604644   0.0603637 0.000876051
          12   0.0647256   0.0607272 0.000875213
          13   0.0565684   0.0604073 0.000864381
          14   0.0549784   0.0600195  0.00088536
          15   0.0607316    0.060067 0.000827608
          16   0.0672844   0.0605181 0.000890368
          17   0.0586308   0.0604071 0.000844886
          18   0.0577572   0.0602599 0.000810672
          19   0.0617984   0.0603408 0.000772039
          20    0.062572   0.0604524 0.000741453
           1    0.051412    0.051412           0
           2   0.0573656   0.0543888  0.00210492
           3   0.0583304   0.0557027  0.00176636
           4   0.0565148   0.0559057  0.00133639
           5   0.0531888   0.0553623  0.00117439
           6   0.0511032   0.0546525  0.00117375
           7    0.055864   0.0548255  0.00101875
           8   0.0509428   0.0543402  0.00100036
           9     0.04965   0.0538191  0.00101592
          10    0.055222   0.0539594 0.000923966
          11   0.0557472   0.0541219 0.000854145
          12   0.0580604   0.0544501 0.000843671
          13   0.0554748   0.0545289 0.000782446
          14   0.0534872   0.0544545 0.000730087
          15   0.0501272    0.054166 0.000736208
          16   0.0546204   0.0541944 0.000690743
          17    0.051538   0.0540382 0.000667551
          18   0.0561524   0.0541556 0.000640715
          19   0.0489156   0.0538798   0.0006637
          20   0.0570636    0.054039 0.000649326
           1   0.0513136   0.0513136           0
           2   0.0521048   0.0517092 0.000279731
           3   0.0477668   0.0503951  0.00108907
           4   0.0505296   0.0504287 0.000817322
           5    0.048786   0.0501002 0.000716855
           6   0.0500092    0.050085 0.000597539
           7   0.0574968   0.0511438  0.00110602
           8   0.0499972   0.0510005 0.000977011
           9   0.0502032   0.0509119 0.000872462
          10   0.0480848   0.0506292 0.000829757
          11   0.0550004   0.0510266 0.000844134
          12   0.0511052   0.0510331 0.000773815
          13    0.054742   0.0513184 0.000765078
          14    0.049418   0.0511827 0.000722372
          15   0.0524452   0.0512669 0.000679099
          16   0.0559112   0.0515571 0.000695932
          17   0.0529328    0.051638 0.000659683
          18   0.0544732   0.0517956 0.000641562
          19   0.0477448   0.0515824 0.000642244
          20   0.0530596   0.0516562 0.000614364
           1   0.0440512   0.0440512           0
           2   0.0464852   0.0452682 0.000860549
           3     0.04913   0.0465555  0.00119743
           4   0.0466876   0.0465885 0.000898527
           5   0.0458888   0.0464486 0.000729637
           6   0.0457972     0.04634 0.000616054
           7    0.044754   0.0461134 0.000568185
           8     0.04321   0.0457505 0.000602015
           9   0.0426416   0.0454051 0.000626438
          10   0.0460384   0.0454684 0.000566987
          11   0.0489032   0.0457807 0.000595248
          12   0.0502388   0.0461522 0.000651342
          13   0.0491632   0.0463838 0.000641099
          14   0.0435912   0.0461843 0.000625569
          15   0.0472196   0.0462533 0.000587659
          16   0.0454492   0.0462031 0.000553076
          17   0.0497584   0.0464122 0.000558685
          18   0.0446804    0.046316 0.000535867
          19   0.0492536   0.0464706 0.000529499
          20   0.0500248   0.0466483  0.00053201
           1   0.0461436   0.0461436           0
           2   0.0456172   0.0458804 0.000186111
           3   0.0402056   0.0439888  0.00154946
           4    0.043334   0.0438251  0.00117071
           5   0.0469444    0.044449  0.00109019
           6   0.0434764   0.0442869 0.000920466
           7   0.0446904   0.0443445 0.000790774
           8   0.0477564    0.044771 0.000798697
           9    0.042304   0.0444969 0.000755527
          10   0.0415872   0.0442059 0.000733868
          11   0.0376856   0.0436132 0.000874363
          12    0.042804   0.0435457 0.000804095
          13   0.0455676   0.0437013 0.000757134
          14    0.041578   0.0435496 0.000718082
          15   0.0398152   0.0433006  0.00071206
          16   0.0434408   0.0433094  0.00066761
          17   0.0449272   0.0434046 0.000635086
          18   0.0442676   0.0434525  0.00060161
          19   0.0435132   0.0434557 0.000569955
          20   0.0486932   0.0437176 0.000598603
           1   0.0422512   0.0422512           0
           2   0.0403292   0.0412902  0.00067953
           3   0.0446148   0.0423984  0.00101191
           4   0.0472556   0.0436127  0.00129687
           5   0.0385024   0.0425906  0.00138278
           6   0.0428544   0.0426346  0.00115302
           7   0.0431992   0.0427153 0.000991117
           8     0.04403   0.0428796 0.000880747
           9    0.042138   0.0427972 0.000786732
          10   0.0454692   0.0430644 0.000752066
          11   0.0386016   0.0426587 0.000785542
          12   0.0415848   0.0425692  0.00072516
          13    0.040656    0.042422 0.000684149
          14   0.0390836   0.0421836 0.000675562
          15   0.0417236   0.0421529  0.00063122
          16   0.0342808   0.0416609 0.000759692
          17   0.0394016    0.041528 0.000726536
          18   0.0399788   0.0414419 0.000691252
          19   0.0399264   0.0413622 0.000659456
          20   0.0381056   0.0411993 0.000646273
           1   0.0357968   0.0357968           0
           2   0.0396272    0.037712  0.00135425
           3     0.03853   0.0379847 0.000929878
           4   0.0376428   0.0378992 0.000701326
           5   0.0384148   0.0380023 0.000568591
           6   0.0368656   0.0378129 0.000504402
           7   0.0386312   0.0379298 0.000445686
           8   0.0409484   0.0383071 0.000525985
           9   0.0366336   0.0381212 0.000499329
          10   0.0398684   0.0382959 0.000478991
          11    0.035962   0.0380837 0.000480144
          12   0.0371164   0.0380031 0.000446847
          13   0.0387948    0.038064 0.000416603
          14   0.0392348   0.0381476 0.000395151
          15   0.0382964   0.0381575 0.000368932
          16   0.0393728   0.0382335 0.000353606
          17   0.0357548   0.0380877 0.000361619
          18    0.037338    0.038046 0.000343919
          19   0.0344128   0.0378548 0.000375232
          20   0.0343828   0.0376812 0.000394591
           1   0.0365712   0.0365712           0
           2    0.034648   0.0356096 0.000679954
           3   0.0350276   0.0354156 0.000480181
           4   0.0382972    0.036136 0.000720368
           5   0.0372436   0.0363575 0.000609403
           6   0.0382148   0.0366671  0.00058116
           7   0.0354964   0.0364998 0.000521645
           8   0.0308012   0.0357875 0.000807665
           9   0.0345948    0.035655 0.000728715
          10    0.035884   0.0356779 0.000656204
          11   0.0327428   0.0354111 0.000648532
          12    0.037674   0.0355996   0.0006213
          13   0.0355468   0.0355956 0.000573521
          14    0.035996   0.0356242 0.000533268
          15   0.0371016   0.0357227 0.000506731
          16   0.0360724   0.0357445 0.000475532
          17    0.035244   0.0357151  0.00044847
          18    0.037262    0.035801 0.000431711
          19   0.0349424   0.0357558 0.000411348
          20   0.0364444   0.0357903 0.000392218
           1   0.0317932   0.0317932           0
           2    0.034616   0.0332046 0.000998011
           3   0.0339344   0.0334479 0.000694356
           4   0.0356608   0.0340011 0.000707636
           5   0.0305848   0.0333178 0.000833039
           6   0.0380572   0.0341077  0.00100093
           7   0.0342244   0.0341244 0.000858077
           8   0.0350156   0.0342358 0.000758014
           9   0.0322232   0.0340122 0.000706005
          10   0.0315972   0.0337707 0.000675447
          11   0.0337604   0.0337697 0.000614043
          12   0.0315456   0.0335844 0.000590183
          13   0.0353904   0.0337233 0.000560897
          14   0.0302776   0.0334772  0.00057229
          15    0.030538   0.0332813 0.000566691
          16     0.03445   0.0333543  0.00053596
          17   0.0337564    0.033378 0.000504954
          18    0.034646   0.0334484  0.00048179
          19   0.0336392   0.0334584 0.000456538
          20   0.0345992   0.0335155 0.000437259
           1   0.0306016   0.0306016           0
           2   0.0275168   0.0290592  0.00109064
           3   0.0295332   0.0292172  0.00073845
           4   0.0337992   0.0303627  0.00113616
           5   0.0291536   0.0301209  0.00093431
           6   0.0323628   0.0304945  0.00085003
           7   0.0314796   0.0306353 0.000740154
           8   0.0307288   0.0306469 0.000647727
           9    0.032898   0.0308971 0.000622177
          10    0.033526     0.03116  0.00061299
          11   0.0328048   0.0313095 0.000575212
          12   0.0300788   0.0312069 0.000536343
          13   0.0329244    0.031339 0.000511098
          14   0.0322344    0.031403 0.000478575
          15    0.033156   0.0315199 0.000460719
          16   0.0308732   0.0314794 0.000433693
          17   0.0302956   0.0314098 0.000413735
          18   0.0327528   0.0314844  0.00039742
          19   0.0325392   0.0315399 0.000380361
          20   0.0316496   0.0315454 0.000361382
           1   0.0330048   0.0330048           0
           2   0.0278944   0.0304496   0.0018068
           3     0.03041   0.0304364  0.00120458
           4   0.0312436   0.0306382 0.000920184
           5    0.031088   0.0307282 0.000740532
           6    0.031942   0.0309305 0.000644151
           7   0.0284424    0.030575 0.000642756
           8   0.0295028    0.030441 0.000576216
           9   0.0289848   0.0302792 0.000534426
          10   0.0305556   0.0303068 0.000481698
          11     0.03119   0.0303871 0.000444548
          12   0.0300136    0.030356  0.00040859
          13    0.034956   0.0307098 0.000507765
          14   0.0278072   0.0305025 0.000512079
          15   0.0327752    0.030654 0.000499853
          16    0.031446   0.0307035 0.000471056
          17    0.032078   0.0307844 0.000450232
          18    0.033804   0.0309521 0.000455401
          19   0.0307188   0.0309399 0.000431598
          20    0.030804   0.0309331 0.000410072
           1   0.0277932   0.0277932           0
           2   0.0266964   0.0272448 0.000387777
           3   0.0280076   0.0274991 0.000331561
           4    0.026794   0.0273228 0.000291787
           5   0.0289144   0.0276411 0.000368173
           6   0.0269344   0.0275233 0.000325107
           7   0.0271524   0.0274703 0.000282948
           8   0.0290472   0.0276674 0.000308692
           9   0.0307192   0.0280065   0.0004213
          10    0.030018   0.0282077 0.000424481
          11   0.0266824    0.028069 0.000407911
          12   0.0288064   0.0281305 0.000378519
          13   0.0288564   0.0281863 0.000353497
          14   0.0250444   0.0279619 0.000393082
          15   0.0281516   0.0279745  0.00036708
          16   0.0279544   0.0279733  0.00034414
          17   0.0318812   0.0282032 0.000393248
          18     0.03085   0.0283502 0.000397945
          19   0.0248272   0.0281648 0.000417973
          20   0.0297796   0.0282455 0.000404797
           1   0.0257972   0.0257972           0
           2   0.0288452   0.0273212  0.00107763
           3   0.0277708   0.0274711 0.000728767
           4    0.027662   0.0275188 0.000548136
           5    0.024924   0.0269998  0.00063855
           6   0.0252104   0.0267016 0.000597728
           7   0.0280324   0.0268917  0.00054173
           8    0.027398    0.026955 0.000477696
           9     0.02592     0.02684 0.000438242
          10   0.0261064   0.0267666 0.000400511
          11   0.0259372   0.0266912 0.000371131
          12    0.028744   0.0268623 0.000377575
          13   0.0263288   0.0268213 0.000350754
          14   0.0254988   0.0267268  0.00033818
          15    0.022864   0.0264693 0.000401897
          16   0.0280936   0.0265708 0.000389389
          17   0.0253572   0.0264994  0.00037297
          18   0.0260928   0.0264768 0.000352933
          19   0.0282104   0.0265681 0.000345951
          20   0.0243664    0.026458 0.000345724
           1   0.0257096   0.0257096           0
           2   0.0246564    0.025183 0.000372362
           3   0.0283864   0.0262508 0.000906507
           4   0.0268612   0.0264034 0.000692605
           5   0.0239408   0.0259109 0.000707863
           6   0.0246976   0.0257087 0.000618094
           7   0.0260208   0.0257533 0.000531401
           8   0.0254864   0.0257199 0.000466022
           9   0.0244768   0.0255818 0.000434228
          10   0.0270304   0.0257266 0.000414265
          11   0.0256892   0.0257232 0.000376618
          12    0.024252   0.0256006 0.000364644
          13    0.026864   0.0256978 0.000349304
          14   0.0260292   0.0257215 0.000325155
          15   0.0247476   0.0256566 0.000309892
          16    0.026484   0.0257083 0.000294808
          17   0.0265312   0.0257567 0.000281412
          18     0.02705   0.0258285 0.000274798
          19    0.025282   0.0257998 0.000261836
          20   0.0227144   0.0256455 0.000290659
