           1     78.8082     78.8082           0
           2     78.4964     78.6523    0.110233
           3     76.6256     77.9767    0.556461
           4     80.8304     78.6901    0.745585
           5     77.5457     78.4612    0.630624
           6     80.1126     78.7365    0.582488
           7     78.2103     78.6613    0.504102
           8     78.4415     78.6338    0.441838
           9     77.4911     78.5068    0.410583
          10       80.94     78.7502    0.435694
          11     80.3342     78.8942    0.419208
          12     77.3131     78.7624     0.40445
          13     82.0025     79.0116    0.443534
          14     80.6934     79.1318    0.427811
          15     80.6333     79.2319    0.410835
          16     77.1304     79.1005     0.40561
          17     80.6846     79.1937    0.392307
          18     79.7863     79.2266    0.371891
          19     80.6755     79.3029    0.360051
          20     77.2273     79.1991    0.356691
           1     59.2347     59.2347           0
           2     60.5894      59.912    0.478978
           3     60.2303     60.0181    0.330862
           4     62.8686     60.7307    0.665156
           5      57.086     60.0018    0.841576
           6     61.0641     60.1789    0.719698
           7     58.3717     59.9207    0.661567
           8      57.946     59.6739    0.623221
           9      60.048     59.7154     0.55536
          10     58.9504     59.6389    0.505066
          11     58.6662     59.5505    0.466827
          12     57.5037     59.3799    0.458027
          13     62.5876     59.6267    0.484722
          14     58.4872     59.5453    0.456881
          15     59.3787     59.5342    0.426557
          16     57.6659     59.4174    0.415572
          17     59.6671     59.4321    0.391386
          18     60.4418     59.4882     0.37364
          19     57.8765     59.4034    0.363477
          20     57.9717     59.3318    0.352281
           1     46.1318     46.1318           0
           2     44.8363      45.484    0.458043
           3     43.9657     44.9779    0.513815
           4     43.4021      44.584    0.514697
           5     44.3999     44.5472    0.413072
           6      43.789     44.4208    0.363038
           7     46.9526     44.7825     0.45712
           8     44.5048     44.7478    0.401295
           9      42.024     44.4451    0.456787
          10     44.4517     44.4458    0.411109
          11     44.1002     44.4144    0.374934
          12     45.4332     44.4993    0.353171
          13     43.0656      44.389    0.342789
          14     44.1626     44.3728    0.318686
          15     42.5359     44.2504    0.320106
          16     44.0756     44.2394    0.300286
          17     45.6987     44.3253    0.294635
          18      46.447     44.4432    0.300923
          19     42.5429     44.3431    0.301247
          20      45.535     44.4027    0.292019
           1     32.1688     32.1688           0
           2     32.2146     32.1917   0.0161951
           3     33.3499     32.5778    0.315401
           4     32.9776     32.6778    0.251893
           5     33.6339      32.869    0.264312
           6     34.3611     33.1177    0.316312
           7     33.6705     33.1966     0.28081
           8     32.7496     33.1408    0.251208
           9     32.9417     33.1186    0.224268
          10     31.5609     32.9629    0.250159
          11     32.0006     32.8754     0.24223
          12     31.3195     32.7457    0.254391
          13     31.9273     32.6828    0.242486
          14     32.1016     32.6413    0.228692
          15     33.4206     32.6932    0.219268
          16      33.025      32.714    0.206542
          17     31.8103     32.6608    0.201116
          18     32.9551     32.6772    0.190606
          19     31.7721     32.6295    0.186432
          20      32.523     32.6242    0.177186
           1     24.6279     24.6279           0
           2     25.0613     24.8446    0.153232
           3     24.0458     24.5783    0.240195
           4     24.3501     24.5213    0.186802
           5     24.7117     24.5593    0.153275
           6     24.5714     24.5613    0.127742
           7     24.2961     24.5235    0.114976
           8     25.5923     24.6571    0.160438
           9     25.0758     24.7036    0.149206
          10      25.276     24.7608     0.14485
          11     23.5884     24.6542    0.166336
          12      24.364     24.6301    0.154222
          13     25.1849     24.6727    0.148147
          14     23.8989     24.6175    0.147516
          15     24.9136     24.6372    0.138997
          16     23.8024      24.585    0.139758
          17       24.98     24.6083    0.133455
          18     24.4027     24.5969    0.126528
          19      23.845     24.5573    0.125905
          20     25.4047     24.5997    0.126538
           1     19.1541     19.1541           0
           2     18.4276     18.7909     0.25684
           3     19.7656     19.1158    0.315754
           4     18.7315     19.0197    0.251008
           5      18.912     18.9982    0.201728
           6     19.1257     19.0194    0.169223
           7     18.3897     18.9295    0.167259
           8     18.8937      18.925    0.146411
           9     19.0058      18.934    0.130419
          10     18.8869     18.9293    0.117462
          11     19.0863     18.9435    0.107647
          12     18.5916     18.9142    0.102595
          13     19.6127     18.9679     0.10786
          14     19.1482     18.9808    0.100921
          15     19.1638      18.993   0.0949277
          16     18.9109     18.9879   0.0891333
          17     19.4628     19.0158   0.0881586
          18     19.1068     19.0209   0.0834057
          19      19.114     19.0258   0.0791598
          20     20.1225     19.0806   0.0922594
           1     15.6272     15.6272           0
           2     15.3283     15.4777    0.105653
           3     15.1007     15.3521     0.12446
           4     15.3647     15.3552   0.0933851
           5     15.6518     15.4145   0.0916245
           6     15.4686     15.4235   0.0767963
           7      15.541     15.4403   0.0676346
           8     15.4652     15.4434   0.0592515
           9     14.8586     15.3785   0.0807899
          10     15.1025     15.3509   0.0772811
          11     15.6934      15.382   0.0762719
          12     14.4241     15.3022    0.103583
          13     15.1366     15.2894   0.0963952
          14     15.2738     15.2883   0.0895163
          15     15.6411     15.3118   0.0865824
          16     15.7066     15.3365    0.084614
          17     15.1552     15.3258   0.0803061
          18     14.5905      15.285   0.0856077
          19     14.8448     15.2618   0.0841789
          20     14.9572     15.2466   0.0813359
           1     12.7552     12.7552           0
           2     12.4005     12.5779    0.125398
           3     12.1742     12.4433    0.138049
           4     12.4792     12.4523    0.103827
           5     12.8242     12.5267    0.106424
           6     12.0621     12.4492    0.113407
           7     13.0331     12.5326    0.124143
           8     11.8904     12.4524    0.132052
           9     12.5742     12.4659    0.118071
          10     12.4281     12.4621    0.106325
          11     12.5937     12.4741   0.0973295
          12     12.2408     12.4546   0.0911396
          13     12.0823      12.426   0.0885148
          14     12.1266     12.4046   0.0847367
          15     12.3953      12.404   0.0790899
          16     12.3841     12.4027   0.0741565
          17     12.6547     12.4176   0.0712598
          18     12.5739     12.4262   0.0678282
          19     12.3386     12.4216   0.0644149
          20     12.5462     12.4279   0.0614943
           1     10.4605     10.4605           0
           2     10.1204     10.2905    0.120238
           3     10.3229     10.3013    0.080642
           4     10.2986     10.3006   0.0604842
           5     10.3517     10.3108   0.0492438
           6     10.2939      10.308   0.0411174
           7     10.2093     10.2939   0.0375831
           8     10.0157     10.2591   0.0462523
           9     10.4267     10.2777    0.044704
          10     10.2861     10.2786   0.0402413
          11      10.151      10.267   0.0382175
          12     10.3774     10.2762   0.0361234
          13     10.4962     10.2931   0.0370986
          14     10.2977     10.2934   0.0344502
          15     10.6452     10.3169   0.0393332
          16      10.244     10.3123   0.0371379
          17     10.2176     10.3068   0.0353688
          18     10.4413     10.3142    0.034185
          19     9.98754      10.297   0.0364545
          20     10.0255     10.2835   0.0370743
           1     8.58252     8.58252           0
           2     8.78193     8.68222   0.0705011
           3     8.64601     8.67015   0.0480229
           4     8.60437     8.65371   0.0387308
           5     8.72099     8.66716     0.03324
           6     8.62658      8.6604     0.02838
           7     8.69599     8.66548   0.0247769
           8     8.71731     8.67196   0.0225108
           9     8.67026     8.67177   0.0200104
          10     8.46322     8.65092   0.0267544
          11     8.81215     8.66557   0.0280515
          12     8.54616     8.65562   0.0274221
          13     8.81452     8.66785   0.0279042
          14     8.96107     8.68879    0.032844
          15     8.95161     8.70631   0.0350175
          16     8.65537     8.70313   0.0329733
          17      8.7779     8.70753   0.0313257
          18     8.75235     8.71002   0.0296842
          19     8.56675     8.70248   0.0290639
          20     8.46502      8.6906   0.0299377
           1     7.43539     7.43539           0
           2     7.36038     7.39789   0.0265199
           3     7.73588     7.51055   0.0936742
           4     7.29046     7.45553   0.0848908
           5     7.46954     7.45833   0.0679588
           6     7.45883     7.45841   0.0566324
           7     7.19156     7.42029   0.0600165
           8     7.57591     7.43974   0.0555775
           9      7.3733     7.43236   0.0498901
          10     7.44326     7.43345    0.044913
          11     7.56247     7.44518   0.0423339
          12      7.6091     7.45884   0.0409505
          13      7.3075      7.4472   0.0394204
          14     7.52285      7.4526   0.0369732
          15     7.37799     7.44763   0.0348413
          16     7.47606     7.44941    0.032709
          17     7.43649     7.44865   0.0307938
          18     7.36774     7.44415   0.0294092
          19     7.40493     7.44209   0.0279337
          20     7.60576     7.45027   0.0277099
           1     6.36145     6.36145           0
           2     6.43848     6.39997   0.0272334
           3     6.31746     6.37247   0.0288775
           4      6.3051     6.35562   0.0261108
           5     6.44795     6.37409   0.0266289
           6     6.45777     6.38804   0.0255835
           7     6.44212     6.39576   0.0230657
           8     6.40101     6.39642   0.0201919
           9     6.36228     6.39262   0.0183012
          10     6.47821     6.40118   0.0183637
          11     6.51547     6.41157   0.0194123
          12      6.2415      6.3974   0.0223782
          13     6.30914     6.39061   0.0216623
          14     6.37513     6.38951   0.0201432
          15     6.37853     6.38877   0.0188136
          16     6.29958      6.3832   0.0184452
          17     6.27009     6.37654   0.0185215
          18     6.37772     6.37661   0.0174926
          19      6.2775     6.37139   0.0173322
          20     6.49448     6.37755   0.0175242
           1     5.53735     5.53735           0
           2     5.64864     5.59299   0.0393465
           3     5.53402     5.57334   0.0307523
           4     5.54978     5.56745   0.0236213
           5     5.58764     5.57148   0.0192391
           6     5.56805     5.57091   0.0160411
           7     5.57416     5.57138   0.0137562
           8     5.62334     5.57787   0.0134833
           9     5.63946     5.58471   0.0136115
          10     5.61372     5.58762   0.0125556
          11     5.74681     5.60209    0.017908
          12     5.68236     5.60878   0.0176209
          13      5.6267     5.61016   0.0163193
          14     5.59354     5.60897   0.0151967
          15     5.70265     5.61522   0.0154137
          16     5.56436     5.61204   0.0147744
          17     5.62021     5.61252   0.0139131
          18     5.57044     5.61018   0.0133351
          19     5.60868      5.6101   0.0126335
          20     5.61382     5.61029   0.0120032
           1     5.01838     5.01838           0
           2     4.99875     5.00857  0.00694071
           3     4.95573     4.99096   0.0151063
           4     4.90805     4.97023    0.021227
           5     5.04751     4.98569   0.0218973
           6     4.85677      4.9642   0.0267895
           7     5.03005     4.97361   0.0245584
           8     4.91782     4.96663    0.022457
           9     4.99818     4.97014   0.0202335
          10     4.93929     4.96705   0.0184438
          11     4.99649     4.96973   0.0169601
          12     4.96917     4.96968   0.0155469
          13     4.92309      4.9661   0.0147582
          14     4.98532     4.96747   0.0137677
          15     4.95894      4.9669   0.0128616
          16     4.97588     4.96746     0.01207
          17     4.90179      4.9636   0.0119624
          18      4.8984     4.95998   0.0118335
          19      4.9349     4.95866    0.011284
          20     4.90582     4.95602   0.0110248
           1     4.31787     4.31787           0
           2     4.30107     4.30947  0.00593923
           3     4.34416     4.32103   0.0102362
           4     4.40241     4.34138   0.0192176
           5     4.54126     4.38135   0.0389208
           6     4.44087     4.39127   0.0336744
           7      4.3002     4.37826   0.0312764
           8     4.36871     4.37707   0.0273897
           9     4.35967     4.37513   0.0244145
          10     4.44956     4.38258   0.0230795
          11     4.43225     4.38709   0.0214186
          12     4.46115     4.39326   0.0205036
          13      4.4073     4.39434   0.0189548
          14     4.44751     4.39814   0.0179773
          15     4.27301      4.3898    0.018614
          16     4.49542      4.3964   0.0185843
          17     4.39544     4.39634   0.0174912
          18     4.39978     4.39654   0.0165205
          19     4.42221     4.39789   0.0157062
          20     4.38604     4.39729   0.0149321
           1     3.95964     3.95964           0
           2     3.83769     3.89866   0.0431165
           3     3.96449     3.92061   0.0338699
           4     4.02415     3.94649   0.0338806
           5     3.90882     3.93896   0.0279295
           6     3.90511     3.93332   0.0238374
           7     3.91924     3.93131   0.0205168
           8     3.93962     3.93235   0.0179785
           9     3.91981     3.93095   0.0160347
          10     3.95666     3.93352   0.0146359
          11      3.9288     3.93309   0.0133117
          12     3.96839     3.93604   0.0125232
          13     3.95189     3.93726   0.0116191
          14     3.94425     3.93776   0.0107999
          15     4.00365     3.94215   0.0109369
          16     3.92652     3.94117   0.0102969
          17     3.98935     3.94401   0.0100737
          18     3.97536     3.94575  0.00966343
          19     3.95431      3.9462  0.00916534
          20     3.95691     3.94673  0.00872272
           1     3.61734     3.61734           0
           2     3.62235     3.61985   0.0017706
           3     3.56537     3.60169   0.0148742
           4      3.5648     3.59247   0.0137199
           5     3.56541     3.58706   0.0119955
           6     3.53198     3.57788   0.0130435
           7     3.60427     3.58165   0.0117124
           8     3.61178     3.58541   0.0108369
           9     3.57191     3.58391  0.00973621
          10     3.55239     3.58076  0.00925873
          11     3.60357     3.58283  0.00864611
          12     3.55472     3.58049  0.00823701
          13     3.54733     3.57794  0.00798851
          14      3.6031     3.57974   0.0076174
          15     3.53536     3.57678  0.00766256
          16     3.58963     3.57758  0.00722564
          17     3.60136     3.57898  0.00693469
          18     3.61226     3.58083  0.00679144
          19     3.58997     3.58131  0.00645103
          20     3.63444     3.58397  0.00665302
           1     3.29391     3.29391           0
           2     3.24085     3.26738   0.0187613
           3     3.25817     3.26431   0.0127562
           4     3.28809     3.27026   0.0108646
           5     3.23812     3.26383   0.0104211
           6     3.29016     3.26822  0.00956359
           7     3.29142     3.27153  0.00875308
           8     3.15528       3.257    0.015602
           9     3.22415     3.25335   0.0142889
          10     3.23541     3.25156   0.0129722
          11     3.28881     3.25494   0.0122271
          12     3.26801     3.25603   0.0112565
          13     3.26063     3.25639   0.0103962
          14     3.22719      3.2543  0.00986054
          15     3.29799     3.25721  0.00962371
          16     3.21473     3.25456  0.00938133
          17     3.26903     3.25541    0.008868
          18      3.2264      3.2538  0.00852048
          19     3.30445     3.25646  0.00847884
          20     3.27523      3.2574  0.00810662
           1     2.93762     2.93762           0
           2     2.94884     2.94323  0.00396525
           3     2.98156       2.956   0.0107609
           4     3.00343     2.96786   0.0130601
           5     2.95505      2.9653   0.0106963
           6     2.98999     2.96941  0.00967259
           7     2.96785     2.96919  0.00829336
           8     2.99871     2.97288  0.00803556
           9     2.98902     2.97467  0.00734014
          10     2.96011     2.97322   0.0067491
          11     2.98297      2.9741  0.00619357
          12     2.96726     2.97353  0.00570367
          13     2.99273     2.97501  0.00545267
          14     2.91215     2.97052  0.00666001
          15     2.96475     2.97014   0.0062271
          16     2.97013     2.97014  0.00583791
          17     3.00298     2.97207  0.00580542
          18     2.96557     2.97171  0.00549411
          19     2.92215      2.9691  0.00579105
          20      2.9726     2.96927  0.00550415
           1     2.77121     2.77121           0
           2     2.72543     2.74832   0.0161858
           3     2.76615     2.75426   0.0118312
           4     2.74244     2.75131  0.00923489
           5     2.74928      2.7509  0.00739683
           6     2.74525     2.74996  0.00622373
           7     2.75041     2.75002  0.00533496
           8     2.75797     2.75102  0.00475971
           9     2.75339     2.75128  0.00423815
          10     2.75182     2.75133  0.00381467
          11      2.7422      2.7505  0.00355705
          12     2.71805      2.7478  0.00416357
          13     2.70483     2.74449  0.00498564
          14     2.71753     2.74257  0.00498757
          15     2.74312      2.7426   0.0046552
          16     2.74053     2.74248  0.00436605
          17     2.74179     2.74243  0.00410941
          18     2.74536      2.7426  0.00388433
          19     2.71814     2.74131  0.00388727
          20     2.70174     2.73933   0.0041661
           1     2.53501     2.53501           0
           2     2.53081     2.53291  0.00148568
           3     2.53392     2.53325  0.00102804
           4     2.49364     2.52335  0.00860952
           5     2.51491     2.52166   0.0070511
           6     2.55298     2.52688  0.00756557
           7     2.50329     2.52351   0.0071961
           8     2.53726     2.52523  0.00649848
           9     2.52477     2.52518  0.00577663
          10     2.53773     2.52643  0.00533365
          11     2.52828      2.5266  0.00485143
          12     2.53333     2.52716  0.00447945
          13     2.53807       2.528  0.00421267
          14     2.54947     2.52953   0.0041815
          15     2.50986     2.52822  0.00410321
          16     2.54182     2.52907  0.00393383
          17     2.56712     2.53131   0.0042922
          18     2.52777     2.53111  0.00405825
          19     2.54162     2.53167  0.00388213
          20     2.46841      2.5285  0.00480679
           1     2.32363     2.32363           0
           2     2.35175     2.33769  0.00994402
           3     2.33466     2.33668  0.00668062
           4      2.3566     2.34166  0.00661071
           5     2.33676     2.34068  0.00536078
           6     2.31142      2.3358  0.00630607
           7      2.3225      2.3339   0.0056845
           8     2.35409     2.33642  0.00550547
           9      2.3436     2.33722  0.00495115
          10     2.34798      2.3383  0.00457135
          11     2.31513     2.33619  0.00461549
          12     2.33769     2.33632  0.00423255
          13     2.31692     2.33482  0.00416155
          14     2.34526     2.33557  0.00393043
          15     2.33844     2.33576  0.00367306
          16     2.33032     2.33542  0.00345922
          17     2.33154     2.33519  0.00326326
          18     2.35455     2.33627  0.00325431
          19     2.32843     2.33586  0.00310909
          20      2.3258     2.33535  0.00299402
           1     2.17776     2.17776           0
           2     2.17274     2.17525  0.00177608
           3     2.17668     2.17572  0.00124614
           4     2.18923      2.1791  0.00307017
           5     2.16368     2.17602  0.00369348
           6     2.19395     2.17901  0.00411354
           7     2.19072     2.18068  0.00385122
           8     2.20364     2.18355  0.00430843
           9     2.18784     2.18403  0.00385596
          10     2.17202     2.18283  0.00365257
          11     2.19598     2.18402  0.00351084
          12     2.18917     2.18445  0.00324441
          13     2.20405     2.18596   0.0033268
          14     2.19065     2.18629    0.003106
          15     2.17482     2.18553  0.00299162
          16     2.19833     2.18633  0.00290971
          17     2.18997     2.18654   0.0027464
          18     2.19661      2.1871   0.0026502
          19      2.1374     2.18449  0.00357569
          20     2.16591     2.18356  0.00351548
           1     2.03006     2.03006           0
           2     2.02206     2.02606  0.00282757
           3     2.03497     2.02903  0.00307217
           4     2.02498     2.02802  0.00246527
           5     2.02808     2.02803  0.00197224
           6     2.00613     2.02438  0.00371515
           7     2.00587     2.02173  0.00401682
           8     2.04008     2.02403  0.00411762
           9     2.07849     2.03008  0.00677874
          10     2.04044     2.03112  0.00617954
          11     2.01236     2.02941  0.00584837
          12     2.00489     2.02737   0.0057067
          13     2.03634     2.02806  0.00530934
          14     2.03163     2.02831  0.00493623
          15      2.0275     2.02826  0.00460745
          16     2.03908     2.02894  0.00436883
          17     2.04806     2.03006  0.00425428
          18      2.0621     2.03184  0.00437442
          19     2.06163     2.03341  0.00441628
          20     2.04497     2.03399  0.00423312
           1     1.88654     1.88654           0
           2     1.91314     1.89984  0.00940552
           3     1.89054     1.89674  0.00676195
           4     1.92724     1.90436   0.0083271
           5     1.95755       1.915   0.0116148
           6     1.90696     1.91366    0.009756
           7     1.90766      1.9128   0.0083999
           8     1.91606     1.91321   0.0073598
           9     1.91734     1.91367  0.00655632
          10     1.89919     1.91222   0.0060584
          11     1.89728     1.91086  0.00565784
          12     1.91063     1.91085  0.00518639
          13     1.90966     1.91075  0.00478823
          14     1.91839      1.9113  0.00447718
          15     1.89078     1.90993  0.00438277
          16     1.93159     1.91128  0.00431276
          17     1.89659     1.91042  0.00414481
          18      1.9074     1.91025  0.00391795
          19       1.919     1.91071  0.00373867
          20     1.89915     1.91013  0.00359616
           1      1.7892      1.7892           0
           2     1.77772     1.78346  0.00405952
           3     1.80706     1.79133  0.00697015
           4     1.77831     1.78807  0.00593884
           5     1.79009     1.78848  0.00476479
           6     1.78173     1.78735  0.00410126
           7     1.80997     1.79058  0.00461634
           8     1.79755     1.79145  0.00412057
           9     1.77707     1.78986  0.00396052
          10     1.77743     1.78861  0.00375421
          11     1.78461     1.78825  0.00343048
          12     1.80922        1.79   0.0035619
          13     1.79563     1.79043  0.00331418
          14     1.80198     1.79126  0.00317853
          15     1.79486      1.7915  0.00297567
          16     1.81098     1.79271  0.00302853
          17     1.77943     1.79193  0.00294944
          18     1.78446     1.79152  0.00281467
          19     1.79327     1.79161  0.00266803
          20     1.78975     1.79152  0.00253625
           1      1.6901      1.6901           0
           2     1.67281     1.68145  0.00611082
           3     1.68714     1.68335  0.00435838
           4     1.68246     1.68313  0.00327442
           5     1.67956     1.68241  0.00269639
           6     1.71357     1.68761  0.00524609
           7     1.69512     1.68868  0.00460517
           8     1.68534     1.68826   0.0040484
           9     1.68819     1.68826  0.00359859
          10     1.68346     1.68778  0.00327057
          11     1.67632     1.68673  0.00313479
          12     1.66174     1.68465  0.00349763
          13     1.67105      1.6836  0.00338148
          14     1.70775     1.68533  0.00355269
          15     1.68942      1.6856  0.00332632
          16     1.68993     1.68587  0.00312942
          17     1.68697     1.68594    0.002946
          18     1.67616     1.68539  0.00283197
          19     1.69929     1.68613  0.00277576
          20     1.68464     1.68605  0.00263797
           1     1.58543     1.58543           0
           2     1.59771     1.59157  0.00434095
           3     1.59395     1.59236  0.00296551
           4     1.58148     1.58964  0.00323944
           5     1.58776     1.58926  0.00261321
           6     1.59753     1.59064  0.00251502
           7     1.61189     1.59368  0.00354138
           8     1.59415     1.59374  0.00309919
           9     1.59017     1.59334  0.00278004
          10     1.58409     1.59242  0.00265154
          11     1.57705     1.59102  0.00275406
          12     1.58994     1.59093  0.00252602
          13     1.61525      1.5928  0.00294421
          14     1.59874     1.59322  0.00276432
          15     1.58819     1.59289  0.00260029
          16     1.59882     1.59326  0.00246402
          17     1.58567     1.59281  0.00235915
          18     1.59626       1.593  0.00223583
          19     1.59917     1.59333  0.00214155
          20     1.59307     1.59332  0.00203451
           1     1.51323     1.51323           0
           2     1.50967     1.51145  0.00125716
           3     1.50503     1.50931  0.00193843
           4     1.52327      1.5128   0.0033547
           5     1.49728      1.5097  0.00386219
           6     1.52123     1.51162  0.00366575
           7     1.50569     1.51077   0.0032383
           8     1.49106     1.50831  0.00365271
           9     1.49331     1.50664  0.00360697
          10     1.50712     1.50669  0.00324659
          11     1.51335      1.5073  0.00300742
          12     1.52828     1.50904  0.00322533
          13      1.4942      1.5079  0.00317301
          14      1.4959     1.50705  0.00305989
          15     1.50533     1.50693  0.00285803
          16     1.50596     1.50687  0.00268004
          17     1.48976     1.50586  0.00270486
          18     1.49188     1.50509  0.00266389
          19     1.51632     1.50568  0.00258841
          20     1.50317     1.50555  0.00246203
           1     1.41588     1.41588           0
           2     1.43785     1.42686  0.00777078
           3     1.41898     1.42424  0.00560697
           4     1.42173     1.42361  0.00424005
           5      1.4273     1.42435  0.00345566
           6     1.41676     1.42309  0.00310238
           7     1.41956     1.42258  0.00269986
           8     1.42576     1.42298  0.00239141
           9     1.42159     1.42282   0.0021307
          10     1.41614     1.42215  0.00201979
          11     1.44406     1.42415  0.00264131
          12     1.44194     1.42563  0.00280678
          13     1.43449     1.42631   0.0026724
          14     1.42995     1.42657  0.00249411
          15      1.4291     1.42674  0.00233354
          16     1.45191     1.42831  0.00266568
          17     1.42587     1.42817  0.00251275
          18     1.41662     1.42753  0.00245371
          19     1.43351     1.42784  0.00234469
          20     1.42284     1.42759  0.00224075
           1     1.35138     1.35138           0
           2     1.37535     1.36336  0.00847595
           3     1.35998     1.36223  0.00572529
           4      1.3765      1.3658  0.00528891
           5     1.34848     1.36233   0.0052446
           6     1.36591     1.36293  0.00440426
           7     1.35695     1.36208  0.00385709
           8     1.35593     1.36131  0.00345065
           9     1.37534     1.36287  0.00340108
          10     1.34284     1.36086  0.00360254
          11     1.36853     1.36156  0.00334173
          12      1.3656      1.3619  0.00308016
          13     1.34445     1.36056  0.00312209
          14     1.37268     1.36142  0.00301677
          15     1.36533     1.36168   0.0028269
          16     1.35925     1.36153  0.00265428
          17     1.36084     1.36149  0.00249845
          18     1.37893     1.36246  0.00254049
          19     1.36989     1.36285   0.0024367
          20     1.35351     1.36238  0.00235917
           1     1.29028     1.29028           0
           2     1.29409     1.29218  0.00134675
           3     1.29919     1.29452  0.00210881
           4     1.29933     1.29572  0.00189364
           5     1.28947     1.29447  0.00188279
           6     1.29878     1.29519  0.00170036
           7     1.29315      1.2949  0.00148216
           8     1.28577     1.29376  0.00167962
           9     1.29962     1.29441  0.00161445
          10     1.28702     1.29367  0.00161312
          11     1.29309     1.29362  0.00146733
          12     1.29494     1.29373  0.00134917
          13     1.28941     1.29339   0.0012856
          14     1.29841     1.29375  0.00124277
          15     1.29594      1.2939  0.00116841
          16     1.29897     1.29422  0.00113762
          17     1.30387     1.29478  0.00120408
          18     1.30302     1.29524  0.00122101
          19     1.29919     1.29545  0.00117427
          20      1.2817     1.29476  0.00130119
