           1   -0.974196   -0.974196           0
           2   -0.973354   -0.973775 0.000297833
           3   -0.971918   -0.973156 0.000542863
           4   -0.975676   -0.973786 0.000680767
           5   -0.972782   -0.973585 0.000573486
           6   -0.975358   -0.973881 0.000548742
           7   -0.972794   -0.973725 0.000491798
           8   -0.973548   -0.973703 0.000430822
           9   -0.972195   -0.973536 0.000414257
          10   -0.976101   -0.973792 0.000445223
          11   -0.975334   -0.973932  0.00042623
          12   -0.972425   -0.973807 0.000408805
          13   -0.977355    -0.97408  0.00045954
          14   -0.975842   -0.974206 0.000443631
          15   -0.975382   -0.974284 0.000420936
          16    -0.97202   -0.974142 0.000417734
          17   -0.976203   -0.974264 0.000410372
          18   -0.974974   -0.974303 0.000389464
          19   -0.976091   -0.974397 0.000380166
          20   -0.972374   -0.974296  0.00037438
           1    -0.95481    -0.95481           0
           2    -0.95721    -0.95601 0.000848811
           3    -0.95632   -0.956113 0.000572129
           4   -0.958927   -0.956817 0.000745167
           5   -0.952618   -0.955977 0.000958979
           6   -0.956986   -0.956145  0.00081375
           7    -0.95416   -0.955861 0.000745276
           8    -0.95373   -0.955595 0.000698102
           9   -0.955711   -0.955608 0.000620654
          10   -0.954677   -0.955515 0.000565532
          11   -0.954067   -0.955383 0.000529212
          12   -0.953471   -0.955224 0.000508533
          13   -0.958997   -0.955514 0.000545985
          14    -0.95482   -0.955465 0.000509232
          15   -0.955051   -0.955437 0.000476028
          16   -0.953697   -0.955328 0.000458533
          17   -0.955559   -0.955342 0.000431762
          18   -0.956491   -0.955406  0.00041247
          19   -0.952803   -0.955269 0.000412878
          20   -0.953398   -0.955175 0.000402686
           1    -0.93699    -0.93699           0
           2   -0.935988   -0.936489 0.000354119
           3   -0.934238   -0.935738 0.000656608
           4   -0.933986     -0.9353 0.000621713
           5   -0.935094   -0.935259 0.000498731
           6   -0.934414   -0.935118 0.000435059
           7   -0.938639   -0.935621 0.000596602
           8   -0.935138   -0.935561 0.000525079
           9   -0.933166   -0.935295 0.000529862
          10   -0.935824   -0.935348 0.000479512
          11   -0.935814    -0.93539 0.000437788
          12   -0.936938   -0.935519 0.000419873
          13   -0.934094   -0.935409 0.000401619
          14   -0.933408   -0.935266 0.000397561
          15   -0.933305   -0.935136 0.000391975
          16    -0.93521    -0.93514 0.000367504
          17    -0.93687   -0.935242  0.00035969
          18   -0.938324   -0.935413 0.000378272
          19   -0.934062   -0.935342 0.000364983
          20    -0.93707   -0.935429 0.000356817
           1   -0.914151   -0.914151           0
           2   -0.913429    -0.91379 0.000255407
           3   -0.914585   -0.914055 0.000275292
           4   -0.913882   -0.914012 0.000209821
           5   -0.915158   -0.914241 0.000265039
           6   -0.915579   -0.914464 0.000300379
           7   -0.915468   -0.914608 0.000289686
           8   -0.912979   -0.914404 0.000317018
           9   -0.914794   -0.914447 0.000284734
          10   -0.912962   -0.914299 0.000292464
          11   -0.912772    -0.91416 0.000296989
          12    -0.91241   -0.914014 0.000305969
          13   -0.910935   -0.913777 0.000362691
          14    -0.91334   -0.913746 0.000338126
          15   -0.914542   -0.913799 0.000319726
          16   -0.914234   -0.913826 0.000300894
          17   -0.913122   -0.913785 0.000286029
          18   -0.913038   -0.913743 0.000273134
          19   -0.912274   -0.913666 0.000269479
          20   -0.913908   -0.913678 0.000256276
           1   -0.892534   -0.892534           0
           2   -0.892239   -0.892386 0.000104086
           3   -0.891507   -0.892093 0.000249146
           4   -0.891719      -0.892 0.000203661
           5   -0.892822   -0.892164 0.000219447
           6   -0.891952   -0.892129   0.0001857
           7   -0.891369    -0.89202 0.000188253
           8   -0.893086   -0.892154 0.000206578
           9    -0.89172   -0.892105 0.000189157
          10   -0.893572   -0.892252 0.000219868
          11   -0.889424   -0.891995  0.00031629
          12   -0.892612   -0.892046 0.000294083
          13   -0.893004    -0.89212 0.000280536
          14   -0.890623   -0.892013 0.000280131
          15   -0.891578   -0.891984  0.00026295
          16   -0.890982   -0.891921 0.000253871
          17   -0.892165   -0.891936 0.000239341
          18   -0.891873   -0.891932 0.000226069
          19   -0.890758    -0.89187 0.000222453
          20   -0.893098   -0.891932 0.000219629
           1   -0.871021   -0.871021           0
           2   -0.869958   -0.870489 0.000375898
           3   -0.870726   -0.870568 0.000258726
           4   -0.868724   -0.870107 0.000443897
           5   -0.869767   -0.870039 0.000360282
           6   -0.871167   -0.870227 0.000345836
           7   -0.870909   -0.870324 0.000309841
           8   -0.868643   -0.870114 0.000334882
           9   -0.869766   -0.870076 0.000299896
          10   -0.870282   -0.870096 0.000270613
          11   -0.869769   -0.870066 0.000247643
          12   -0.870069   -0.870067 0.000227006
          13   -0.871432   -0.870172 0.000232574
          14   -0.870822   -0.870218 0.000220557
          15   -0.870519   -0.870238 0.000206764
          16   -0.869492   -0.870192 0.000199032
          17   -0.872068   -0.870302  0.00021577
          18   -0.869582   -0.870262 0.000207453
          19   -0.871019   -0.870302 0.000200326
          20   -0.871586   -0.870366 0.000200341
           1   -0.849261   -0.849261           0
           2   -0.848446   -0.848854 0.000287934
           3   -0.848253   -0.848653  0.00025216
           4   -0.849243   -0.848801 0.000228202
           5    -0.84933   -0.848907  0.00020568
           6   -0.849254   -0.848965 0.000179341
           7   -0.849934   -0.849103 0.000200211
           8   -0.848491   -0.849027 0.000189231
           9   -0.847765   -0.848886 0.000213928
          10   -0.847553   -0.848753 0.000230383
          11   -0.848954   -0.848771 0.000210165
          12   -0.846412   -0.848575  0.00026935
          13   -0.848048   -0.848534  0.00025166
          14    -0.84881   -0.848554 0.000234456
          15   -0.849291   -0.848603 0.000223918
          16    -0.84953   -0.848661 0.000217294
          17   -0.847986   -0.848621 0.000208105
          18   -0.847531   -0.848561 0.000205167
          19   -0.846946   -0.848476 0.000211248
          20   -0.848739   -0.848489 0.000201096
           1   -0.827874   -0.827874           0
           2   -0.825786    -0.82683 0.000738502
           3   -0.826476   -0.826712 0.000501674
           4   -0.825502    -0.82641 0.000458424
           5   -0.826511    -0.82643 0.000367189
           6    -0.82599   -0.826357 0.000313213
           7   -0.827009    -0.82645 0.000281983
           8   -0.826048     -0.8264 0.000251169
           9   -0.826367   -0.826396 0.000223287
          10   -0.825574   -0.826314 0.000215572
          11   -0.827984   -0.826466  0.00024365
          12   -0.826398    -0.82646 0.000223412
          13   -0.825334   -0.826373 0.000222371
          14   -0.825465   -0.826308 0.000215749
          15   -0.825877    -0.82628 0.000203276
          16    -0.82705   -0.826328 0.000196184
          17   -0.826269   -0.826324 0.000184674
          18   -0.827813   -0.826407 0.000192038
          19   -0.827028    -0.82644 0.000184691
          20   -0.826926   -0.826464 0.000177053
           1   -0.805342   -0.805342           0
           2    -0.80487   -0.805106 0.000166594
           3   -0.804372   -0.804861 0.000228567
           4    -0.80293   -0.804379 0.000451841
           5   -0.805186    -0.80454 0.000389233
           6   -0.804631   -0.804555 0.000324658
           7   -0.805786   -0.804731 0.000322367
           8   -0.803206    -0.80454 0.000333679
           9   -0.805287   -0.804623 0.000306748
          10    -0.80343   -0.804504 0.000298371
          11   -0.802572   -0.804328  0.00031878
          12    -0.80459    -0.80435 0.000292961
          13   -0.806074   -0.804483 0.000298917
          14    -0.80444    -0.80448 0.000277582
          15   -0.805482   -0.804547 0.000267003
          16   -0.805166   -0.804585 0.000253109
          17   -0.803594   -0.804527 0.000244841
          18   -0.805166   -0.804563 0.000233794
          19   -0.804578   -0.804563 0.000221491
          20   -0.803858   -0.804528 0.000213209
           1    -0.78327    -0.78327           0
           2   -0.783009    -0.78314 9.24896e-05
           3    -0.78294   -0.783073 8.21769e-05
           4   -0.782834   -0.783013  8.0428e-05
           5   -0.783656   -0.783142 0.000131734
           6   -0.782983   -0.783115 0.000112403
           7   -0.783339   -0.783147 0.000100787
           8   -0.782625   -0.783082 0.000107292
           9   -0.782602   -0.783029 0.000107839
          10   -0.783048   -0.783031 9.70724e-05
          11   -0.783158   -0.783042 8.89312e-05
          12   -0.781459    -0.78291 0.000150323
          13    -0.78283   -0.782904 0.000138888
          14   -0.784654   -0.783029 0.000176448
          15   -0.783363   -0.783051 0.000166085
          16   -0.782133   -0.782994 0.000165329
          17   -0.782498   -0.782965 0.000158152
          18    -0.78218   -0.782921 0.000155258
          19   -0.782889   -0.782919 0.000147096
          20   -0.782444   -0.782896 0.000141649
           1   -0.762666   -0.762666           0
           2   -0.761714    -0.76219 0.000336583
           3   -0.761252   -0.761878  0.00033997
           4   -0.761108   -0.761685 0.000304593
           5   -0.762018   -0.761752 0.000250824
           6   -0.762262   -0.761837 0.000222996
           7   -0.761149   -0.761739 0.000211694
           8   -0.762288   -0.761807 0.000196059
           9   -0.763156   -0.761957 0.000224357
          10   -0.762586    -0.76202 0.000210541
          11   -0.761525   -0.761975 0.000196154
          12   -0.761834   -0.761963 0.000180161
          13   -0.761378   -0.761918  0.00017184
          14   -0.762676   -0.761972 0.000167877
          15   -0.760751   -0.761891 0.000175313
          16   -0.762003   -0.761898 0.000164497
          17     -0.7607   -0.761827  0.00016924
          18   -0.762074   -0.761841  0.00016039
          19    -0.76221    -0.76186 0.000153116
          20   -0.761838   -0.761859 0.000145465
           1    -0.74141    -0.74141           0
           2   -0.740553   -0.740981 0.000302925
           3   -0.740611   -0.740858 0.000225664
           4   -0.740782   -0.740839 0.000170052
           5   -0.739966   -0.740664 0.000207139
           6   -0.740687   -0.740668 0.000172651
           7   -0.741259   -0.740752 0.000167374
           8   -0.740997   -0.740783 0.000149213
           9   -0.740246   -0.740723 0.000144054
          10    -0.74083   -0.740734  0.00013004
          11   -0.740838   -0.740743 0.000118559
          12   -0.739717   -0.740658 0.000136089
          13   -0.741723    -0.74074 0.000148255
          14   -0.740156   -0.740698  0.00014341
          15   -0.740415   -0.740679 0.000135084
          16    -0.74027   -0.740654 0.000129045
          17   -0.740075    -0.74062  0.00012586
          18   -0.741709    -0.74068 0.000132618
          19   -0.741001   -0.740697 0.000126708
          20   -0.740734   -0.740699 0.000120386
           1   -0.720992   -0.720992           0
           2   -0.720358   -0.720675 0.000224294
           3   -0.720102   -0.720484 0.000216094
           4   -0.719613   -0.720266 0.000248642
           5   -0.722063   -0.720625 0.000378053
           6   -0.720003   -0.720522 0.000328961
           7   -0.720587   -0.720531   0.0002821
           8   -0.720629   -0.720543 0.000247102
           9   -0.721406   -0.720639 0.000237527
          10   -0.721712   -0.720746 0.000236765
          11   -0.719525   -0.720635 0.000239879
          12    -0.72178   -0.720731 0.000238098
          13   -0.721418   -0.720784 0.000225582
          14   -0.720517   -0.720765 0.000210273
          15    -0.72165   -0.720824 0.000204364
          16    -0.71988   -0.720765  0.00019992
          17   -0.721344   -0.720799 0.000191042
          18    -0.72157   -0.720842 0.000185167
          19   -0.720953   -0.720847 0.000175514
          20   -0.719825   -0.720796 0.000174027
           1   -0.702724   -0.702724           0
           2   -0.700938   -0.701831 0.000631305
           3   -0.701564   -0.701742 0.000427107
           4   -0.700836   -0.701516 0.000375632
           5   -0.700604   -0.701333 0.000341901
           6   -0.702262   -0.701488 0.000318004
           7   -0.701989    -0.70156 0.000280507
           8   -0.701307   -0.701528 0.000247211
           9   -0.701525   -0.701528 0.000219743
          10   -0.701098   -0.701485 0.000201918
          11   -0.700562   -0.701401 0.000200243
          12   -0.700742   -0.701346 0.000190942
          13   -0.699682   -0.701218 0.000214928
          14   -0.699578   -0.701101 0.000229269
          15   -0.702459   -0.701191  0.00023118
          16   -0.701334     -0.7012 0.000216903
          17   -0.700347    -0.70115 0.000209867
          18   -0.700958   -0.701139 0.000198478
          19    -0.70093   -0.701128 0.000188338
          20   -0.700316   -0.701088 0.000183249
           1   -0.681828   -0.681828           0
           2   -0.681481   -0.681654 0.000122754
           3   -0.681993   -0.681767 0.000123206
           4   -0.683093   -0.682099  0.00030151
           5    -0.68206   -0.682091 0.000241306
           6    -0.68133   -0.681964    0.000232
           7   -0.681115   -0.681843 0.000228366
           8   -0.682782    -0.68196 0.000227983
           9   -0.681928   -0.681957  0.00020268
          10   -0.681441   -0.681905 0.000188861
          11   -0.682327   -0.681943 0.000175548
          12   -0.683569   -0.682079  0.00020667
          13   -0.682757   -0.682131 0.000197242
          14   -0.682362   -0.682148 0.000183844
          15   -0.681351   -0.682094 0.000179089
          16   -0.682562   -0.682124  0.00017026
          17   -0.682602   -0.682152 0.000162557
          18   -0.682187   -0.682154 0.000153538
          19   -0.683196   -0.682209 0.000154946
          20   -0.680955   -0.682146  0.00015937
           1   -0.664474   -0.664474           0
           2   -0.663419   -0.663946 0.000372787
           3   -0.665118   -0.664337 0.000404365
           4    -0.66477   -0.664445 0.000317403
           5   -0.664289   -0.664414 0.000255459
           6   -0.663633   -0.664284 0.000243809
           7   -0.664055   -0.664251 0.000211154
           8   -0.664045   -0.664225 0.000186327
           9   -0.662019    -0.66398 0.000284324
          10    -0.66401   -0.663983 0.000255907
          11   -0.662867   -0.663882  0.00025195
          12   -0.663486   -0.663849 0.000233097
          13   -0.662538   -0.663748 0.000235979
          14   -0.664003   -0.663766 0.000219827
          15   -0.663668    -0.66376 0.000205269
          16   -0.662684   -0.663692 0.000203149
          17    -0.66503   -0.663771 0.000205883
          18   -0.663515   -0.663757 0.000194935
          19   -0.663432    -0.66374 0.000185424
          20   -0.664433   -0.663774 0.000179361
           1   -0.646672   -0.646672           0
           2   -0.647888    -0.64728 0.000429921
           3   -0.646227   -0.646929 0.000405278
           4   -0.647072   -0.646965  0.00030553
           5   -0.647135   -0.646999 0.000246317
           6   -0.645785   -0.646797 0.000276141
           7   -0.647447   -0.646889 0.000251851
           8   -0.648069   -0.647037 0.000259956
           9   -0.646332   -0.646959 0.000242584
          10   -0.645277    -0.64679  0.00027041
          11   -0.646761   -0.646788 0.000245841
          12   -0.646846   -0.646793 0.000225401
          13   -0.646287   -0.646754 0.000211388
          14   -0.647099   -0.646778 0.000197725
          15   -0.646794   -0.646779 0.000184546
          16   -0.647876   -0.646848 0.000185302
          17   -0.647182   -0.646868 0.000175443
          18   -0.646895   -0.646869 0.000165703
          19    -0.64703   -0.646878 0.000157197
          20   -0.647083   -0.646888 0.000149673
           1   -0.630382   -0.630382           0
           2   -0.630452   -0.630417 2.46073e-05
           3   -0.629376    -0.63007 0.000283853
           4   -0.628934   -0.629786 0.000325247
           5   -0.628626   -0.629554 0.000332876
           6   -0.630916   -0.629781 0.000346244
           7    -0.63005    -0.62982 0.000298911
           8   -0.628837   -0.629697 0.000285676
           9     -0.6289   -0.629608 0.000267298
          10    -0.62974   -0.629621 0.000240893
          11   -0.630059   -0.629661 0.000222258
          12   -0.630246    -0.62971 0.000209004
          13    -0.62965   -0.629705 0.000192977
          14   -0.628822   -0.629642 0.000189235
          15   -0.630182   -0.629678 0.000180004
          16   -0.630023     -0.6297  0.00017004
          17   -0.629686   -0.629699  0.00016004
          18   -0.629475   -0.629686 0.000151631
          19   -0.629752    -0.62969 0.000143689
          20   -0.629067   -0.629659 0.000139837
           1   -0.612086   -0.612086           0
           2   -0.613192   -0.612639 0.000391171
           3   -0.613286   -0.612854 0.000314636
           4   -0.613345   -0.612977 0.000258763
           5   -0.612475   -0.612877 0.000225634
           6   -0.614266   -0.613108 0.000282865
           7   -0.613597   -0.613178 0.000250922
           8   -0.613641   -0.613236 0.000226129
           9   -0.614083    -0.61333 0.000219733
          10   -0.613732    -0.61337 0.000201404
          11   -0.614647   -0.613486 0.000213954
          12    -0.61273   -0.613423 0.000205206
          13   -0.613602   -0.613437 0.000189879
          14    -0.61333   -0.613429 0.000176469
          15   -0.614015   -0.613468 0.000168971
          16   -0.613086   -0.613444 0.000160095
          17   -0.612926   -0.613414 0.000153551
          18   -0.613181   -0.613401 0.000145566
          19   -0.612657   -0.613362 0.000143077
          20   -0.614273   -0.613407 0.000142989
           1    -0.59833    -0.59833           0
           2   -0.597712   -0.598021 0.000218637
           3   -0.598893   -0.598312 0.000278422
           4   -0.598065    -0.59825 0.000215551
           5   -0.598324   -0.598265 0.000172949
           6   -0.597782   -0.598184 0.000161736
           7    -0.59708   -0.598027 0.000201381
           8   -0.598225   -0.598051 0.000177725
           9   -0.598482   -0.598099  0.00016428
          10   -0.596844   -0.597974 0.000189842
          11   -0.597434   -0.597925  0.00017882
          12   -0.598415   -0.597965 0.000168528
          13   -0.596692   -0.597868 0.000181818
          14   -0.597402   -0.597834  0.00017184
          15   -0.597612   -0.597819 0.000161022
          16   -0.598269   -0.597848 0.000153387
          17   -0.597712    -0.59784 0.000144571
          18   -0.597778   -0.597836  0.00013658
          19   -0.597674   -0.597828 0.000129656
          20   -0.596683    -0.59777 0.000135213
           1   -0.582355   -0.582355           0
           2   -0.583006    -0.58268 0.000229951
           3   -0.582451   -0.582604 0.000165507
           4   -0.582618   -0.582607 0.000124165
           5   -0.583285   -0.582743 0.000156687
           6    -0.58291   -0.582771 0.000133013
           7   -0.582332   -0.582708 0.000127924
           8   -0.583112   -0.582758 0.000121493
           9   -0.583191   -0.582807 0.000117121
          10   -0.583744     -0.5829 0.000137913
          11   -0.582587   -0.582872 0.000128279
          12   -0.583674   -0.582939 0.000133862
          13     -0.5826   -0.582913 0.000126075
          14    -0.58371    -0.58297 0.000129285
          15   -0.581902   -0.582898 0.000138893
          16   -0.582982   -0.582904 0.000130309
          17   -0.583254   -0.582924 0.000124268
          18   -0.582286   -0.582889 0.000122323
          19   -0.582934   -0.582891 0.000115909
          20   -0.581342   -0.582814 0.000133519
           1    -0.56838    -0.56838           0
           2   -0.568748   -0.568564 0.000130108
           3   -0.569621   -0.568916 0.000300419
           4   -0.569191   -0.568985 0.000233044
           5   -0.568014   -0.568791 0.000254861
           6   -0.568578   -0.568755 0.000214826
           7   -0.568263   -0.568685 0.000195303
           8   -0.567597   -0.568549 0.000213059
           9   -0.569254   -0.568627 0.000203292
          10   -0.568398   -0.568604 0.000184247
          11   -0.568002    -0.56855  0.00017546
          12   -0.568788    -0.56857 0.000161958
          13   -0.567537    -0.56849 0.000167856
          14   -0.568968   -0.568524   0.0001593
          15   -0.567813   -0.568477  0.00015558
          16    -0.56829   -0.568465 0.000146296
          17   -0.567399   -0.568402 0.000150528
          18   -0.568673   -0.568417 0.000142913
          19   -0.568341   -0.568413 0.000135448
          20   -0.567842   -0.568385 0.000131658
           1   -0.554467   -0.554467           0
           2    -0.55509   -0.554779 0.000220334
           3   -0.555143     -0.5549 0.000177236
           4   -0.555101    -0.55495 0.000139838
           5    -0.55431   -0.554822 0.000160172
           6   -0.554506   -0.554769 0.000141904
           7   -0.554282     -0.5547 0.000137638
           8   -0.554689   -0.554698  0.00012044
           9   -0.554674   -0.554696  0.00010709
          10   -0.554403   -0.554666 0.000100297
          11   -0.555069   -0.554703 9.76201e-05
          12   -0.554886   -0.554718 9.06729e-05
          13   -0.555309   -0.554764 9.43911e-05
          14   -0.555632   -0.554826 0.000106084
          15   -0.555303   -0.554858 0.000103677
          16    -0.55499   -0.554866 9.75284e-05
          17   -0.555349   -0.554894 9.58389e-05
          18   -0.554097    -0.55485 0.000100234
          19   -0.553104   -0.554758  0.00013045
          20   -0.554371   -0.554739 0.000125354
           1   -0.541907   -0.541907           0
           2   -0.541755   -0.541831 5.37401e-05
           3   -0.541919   -0.541861 4.30951e-05
           4   -0.540152   -0.541433 0.000371318
           5   -0.541407   -0.541428 0.000297091
           6   -0.541177   -0.541386 0.000250512
           7   -0.541434   -0.541393 0.000214819
           8   -0.541148   -0.541363  0.00019014
           9    -0.54203   -0.541437 0.000182923
          10    -0.54047    -0.54134 0.000188433
          11   -0.542054   -0.541405 0.000182149
          12   -0.540481   -0.541328 0.000182528
          13   -0.541198   -0.541318 0.000168763
          14   -0.541118   -0.541304 0.000157309
          15   -0.541163   -0.541294 0.000147101
          16   -0.541332   -0.541297 0.000137926
          17   -0.541821   -0.541328 0.000133213
          18   -0.541714   -0.541349 0.000127535
          19   -0.540517   -0.541305 0.000128123
          20   -0.541374   -0.541309 0.000121764
           1   -0.528937   -0.528937           0
           2   -0.528694   -0.528816 8.57013e-05
           3   -0.529052   -0.528894 8.60462e-05
           4    -0.52967   -0.529088 0.000179815
           5   -0.528676   -0.529006 0.000161649
           6   -0.528902   -0.528989 0.000135623
           7   -0.529512   -0.529063 0.000135303
           8   -0.529037    -0.52906 0.000118431
           9   -0.528575   -0.529006 0.000116882
          10   -0.529483   -0.529054 0.000114517
          11   -0.529076   -0.529056 0.000104124
          12    -0.52849   -0.529009 0.000105572
          13   -0.528911   -0.529001 9.77173e-05
          14   -0.528811   -0.528988 9.16754e-05
          15   -0.528403   -0.528949 9.34779e-05
          16   -0.528614   -0.528928  8.9951e-05
          17   -0.528922   -0.528927 8.46605e-05
          18   -0.528207   -0.528887 8.89103e-05
          19   -0.529249   -0.528906 8.62417e-05
          20   -0.529122   -0.528917 8.25982e-05
           1   -0.515799   -0.515799           0
           2   -0.516608   -0.516204 0.000285954
           3   -0.517984   -0.516797 0.000520715
           4   -0.516356   -0.516687 0.000402042
           5    -0.51635   -0.516619 0.000327241
           6   -0.515404   -0.516417 0.000329481
           7   -0.516702   -0.516457 0.000284913
           8   -0.516014   -0.516402 0.000254645
           9   -0.516515   -0.516415 0.000226661
          10   -0.515607   -0.516334 0.000217901
          11   -0.516207   -0.516322 0.000198395
          12   -0.517239   -0.516399 0.000196024
          13   -0.516425   -0.516401 0.000180955
          14   -0.517207   -0.516458 0.000176961
          15    -0.51541   -0.516388 0.000178422
          16   -0.517014   -0.516428 0.000171495
          17   -0.514916   -0.516339 0.000183011
          18    -0.51667   -0.516357 0.000173765
          19   -0.517181     -0.5164 0.000169943
          20    -0.51751   -0.516456 0.000170267
           1    -0.50527    -0.50527           0
           2   -0.504102   -0.504686  0.00041295
           3   -0.505371   -0.504915 0.000332457
           4   -0.504901   -0.504911  0.00024936
           5   -0.504683   -0.504866 0.000203615
           6   -0.505511   -0.504973 0.000196059
           7   -0.505403   -0.505035 0.000177413
           8   -0.504618   -0.504983 0.000162687
           9    -0.50471   -0.504952 0.000147395
          10   -0.504689   -0.504926 0.000134991
          11   -0.505133   -0.504945 0.000124021
          12   -0.504882    -0.50494 0.000113795
          13   -0.505122   -0.504954   0.0001059
          14    -0.50523   -0.504973 0.000100153
          15   -0.504406   -0.504936 0.000100355
          16   -0.505682   -0.504982 0.000104376
          17   -0.504746   -0.504968 9.91536e-05
          18   -0.504444   -0.504939 9.78303e-05
          19   -0.504426   -0.504912 9.63324e-05
          20   -0.504566   -0.504895 9.30616e-05
           1   -0.492274   -0.492274           0
           2    -0.49283   -0.492552 0.000196293
           3   -0.492941   -0.492682 0.000168292
           4   -0.493378   -0.492856 0.000196699
           5   -0.492674   -0.492819 0.000160699
           6   -0.493534   -0.492938 0.000172459
           7    -0.49241   -0.492863 0.000163487
           8   -0.493718    -0.49297 0.000174552
           9   -0.493669   -0.493048 0.000171563
          10   -0.493051   -0.493048 0.000154407
          11   -0.494145   -0.493148 0.000169538
          12   -0.493326   -0.493162 0.000156057
          13   -0.494257   -0.493247 0.000165204
          14   -0.492764   -0.493212  0.00015696
          15   -0.492384   -0.493157 0.000155904
          16   -0.493387   -0.493171 0.000146823
          17   -0.492755   -0.493147 0.000140212
          18   -0.493324   -0.493157 0.000132767
          19   -0.494087   -0.493206 0.000134509
          20   -0.493302   -0.493211  0.00012787
           1   -0.483215   -0.483215           0
           2   -0.482335   -0.482775 0.000311127
           3   -0.482768   -0.482773 0.000207427
           4    -0.48216    -0.48262 0.000204462
           5    -0.48293   -0.482682  0.00017276
           6   -0.483035   -0.482741 0.000153682
           7   -0.482286   -0.482676 0.000144826
           8   -0.480741   -0.482434  0.00025931
           9   -0.482378   -0.482428 0.000230573
          10   -0.482599   -0.482445 0.000208154
          11   -0.482507    -0.48245 0.000189308
          12   -0.482309   -0.482439   0.0001739
          13    -0.48323     -0.4825 0.000170857
          14   -0.481461   -0.482425 0.000174018
          15   -0.482565   -0.482435 0.000162665
          16   -0.481687   -0.482388 0.000159064
          17   -0.482139   -0.482373 0.000150379
          18   -0.482269   -0.482367 0.000142136
          19   -0.482867   -0.482394 0.000137067
          20   -0.482973   -0.482423 0.000133237
           1   -0.470955   -0.470955           0
           2   -0.471317   -0.471136 0.000127845
           3   -0.471945   -0.471406 0.000236051
           4   -0.472818   -0.471759  0.00035327
           5   -0.472073   -0.471821  0.00028815
           6   -0.471463   -0.471762 0.000246234
           7   -0.472831   -0.471915 0.000254072
           8   -0.471897   -0.471912 0.000222323
           9    -0.47203   -0.471925 0.000198002
          10   -0.471081   -0.471841 0.000195384
          11   -0.473171   -0.471962 0.000211769
          12   -0.472627   -0.472017  0.00020125
          13   -0.472584   -0.472061 0.000190432
          14   -0.472479   -0.472091 0.000179159
          15   -0.471561   -0.472055 0.000170663
          16   -0.472161   -0.472062 0.000160123
          17   -0.472426   -0.472083 0.000152132
          18   -0.472091   -0.472084 0.000143681
          19   -0.472005    -0.47208 0.000136179
          20   -0.471761   -0.472064   0.0001303
           1   -0.461681   -0.461681           0
           2   -0.461926   -0.461803 8.65499e-05
           3   -0.462096   -0.461901 9.83859e-05
           4   -0.461474   -0.461794 0.000118184
           5   -0.462483   -0.461932 0.000155339
           6   -0.462815   -0.462079 0.000186584
           7   -0.462059   -0.462076 0.000159951
           8   -0.461802   -0.462042 0.000143597
           9   -0.463166   -0.462167 0.000173685
          10   -0.462404   -0.462191 0.000157926
          11   -0.462358   -0.462206 0.000144297
          12   -0.462402   -0.462222 0.000133199
          13   -0.461811   -0.462191 0.000126649
          14    -0.46216   -0.462188 0.000117622
          15   -0.461499   -0.462142 0.000118415
          16   -0.462387   -0.462158 0.000111997
          17   -0.461866   -0.462141  0.00010672
          18    -0.46241   -0.462156 0.000101832
          19   -0.461638   -0.462128 0.000100054
          20   -0.462888   -0.462166 0.000102008
           1   -0.452677   -0.452677           0
           2   -0.452094   -0.452385 0.000206192
           3   -0.452319   -0.452363  0.00013863
           4    -0.45238   -0.452367 0.000104036
           5   -0.451542   -0.452202 0.000169556
           6   -0.452534   -0.452257 0.000150022
           7   -0.452773   -0.452331 0.000145537
           8   -0.452834   -0.452394 0.000140286
           9   -0.452765   -0.452435 0.000130608
          10   -0.452248   -0.452416 0.000118881
          11   -0.452314   -0.452407 0.000108441
          12   -0.453172   -0.452471 0.000116642
          13    -0.45275   -0.452492 0.000109634
          14   -0.452822   -0.452516 0.000104306
          15    -0.45266   -0.452526 9.77938e-05
          16   -0.451966   -0.452491 9.77265e-05
          17   -0.452461   -0.452489 9.19936e-05
          18   -0.452505    -0.45249 8.68871e-05
          19   -0.452054   -0.452467 8.52816e-05
          20   -0.451649   -0.452426 9.02945e-05
