           1   0.0482049           0
           2   0.0530532  0.00342826
           3   0.0525104  0.00232808
           4   0.0508287  0.00227371
           5   0.0491674  0.00234874
           6   0.0485606  0.00203417
           7   0.0486008  0.00174397
           8   0.0489875  0.00156827
           9   0.0488951  0.00139673
          10    0.048912  0.00125716
          11   0.0491537  0.00116587
          12   0.0492512  0.00107279
          13   0.0493043 0.000991581
          14   0.0492081 0.000925406
          15   0.0492857 0.000866961
          16   0.0493063  0.00081302
          17   0.0491254 0.000785062
          18   0.0490109 0.000749756
          19   0.0490932 0.000714806
          20   0.0490071  0.00068423
          21   0.0489464 0.000654335
          22   0.0489545 0.000624642
          23   0.0488794  0.00060198
          24    0.049131 0.000627293
          25   0.0493525 0.000640109
          26    0.049297 0.000617895
          27   0.0493682 0.000599105
          28   0.0492193 0.000595932
          29   0.0491556  0.00057877
          30   0.0491692 0.000559637
          31   0.0491371 0.000542507
          32    0.049314 0.000553672
          33   0.0492793 0.000537984
          34   0.0492461 0.000523184
          35   0.0492583 0.000508378
          36   0.0490785 0.000525081
          37   0.0491516 0.000515943
          38   0.0490856 0.000506568
          39   0.0490875 0.000493583
          40   0.0492641 0.000511858
          41    0.049299 0.000500567
          42   0.0493941 0.000497603
          43   0.0493607 0.000487155
          44   0.0492684 0.000484737
          45   0.0494015 0.000491897
          46   0.0492937 0.000492887
          47   0.0493075 0.000482594
          48   0.0492725 0.000473808
          49   0.0492949  0.00046467
          50   0.0493036 0.000455458
          51   0.0492935 0.000446641
          52     0.04928 0.000438253
          53   0.0492836 0.000429999
          54   0.0492411 0.000424121
          55    0.049269 0.000417321
          56   0.0492972 0.000410821
          57   0.0493666 0.000409444
          58   0.0493717 0.000402416
          59   0.0495028 0.000416413
          60   0.0495105 0.000409545
          61   0.0495278 0.000403197
          62   0.0494136 0.000412564
          63    0.049446 0.000407287
          64   0.0494037 0.000403116
          65   0.0494184 0.000397181
          66   0.0493653  0.00039469
          67   0.0494576 0.000399433
          68   0.0494613 0.000393576
          69   0.0495161  0.00039167
          70    0.049511 0.000386109
          71    0.049553 0.000382958
          72   0.0495321 0.000378212
          73   0.0495693 0.000374857
          74   0.0495924 0.000370504
          75   0.0496059  0.00036581
          76   0.0495912 0.000361293
          77   0.0496011 0.000356735
          78   0.0496057 0.000352192
          79   0.0496228 0.000348147
          80   0.0496303 0.000343876
          81   0.0496545 0.000340481
          82   0.0496847 0.000337666
          83   0.0497061 0.000334275
          84   0.0496451 0.000335814
          85   0.0496969 0.000335832
          86   0.0497182 0.000332603
          87   0.0497328 0.000329101
          88     0.04979 0.000330295
          89   0.0497776 0.000326817
          90   0.0497829  0.00032323
          91   0.0497456 0.000321823
          92   0.0497732 0.000319507
          93   0.0497753 0.000316078
          94   0.0497856 0.000312882
          95   0.0497597 0.000310657
          96   0.0497922 0.000309116
          97   0.0498412 0.000309798
          98   0.0498477 0.000306704
          99   0.0499012 0.000308238
         100   0.0499085 0.000305241
