0.96
0.960002
0.960007
0.960015
0.960028
0.960043
0.960062
0.960085
0.960111
0.96014
0.960174
0.96021
0.960251
0.960295
0.960343
0.960395
0.960451
0.96051
0.960574
0.960642
0.960714
0.960791
0.960872
0.960958
0.961048
0.961143
0.961243
0.961348
0.961458
0.961573
0.961693
0.961818
0.961949
0.962086
0.962228
0.962377
0.962531
0.962691
0.962858
0.963032
0.963212
0.963399
0.963594
0.963796
0.964005
0.964222
0.964448
0.964681
0.964923
0.965175
0.965435
0.965705
0.965985
0.966275
0.966576
0.966888
0.967211
0.967546
0.967893
0.968253
0.968626
0.969012
0.969413
0.969828
0.970259
0.970705
0.971167
0.971647
0.972144
0.97266
0.973194
0.973748
0.974323
0.974919
0.975537
0.976178
0.976843
0.977532
0.978247
0.978989
0.979758
0.980555
0.981383
0.982241
0.983131
0.984054
0.985011
0.986004
0.987034
0.988103
0.98921
0.990359
0.99155
0.992784
0.994064
0.99539
0.996765
0.998189
0.999663
1.00119
1.00277
1.0044
1.00609
1.00783
1.00963
1.01148
1.01338
1.01534
1.01733
1.01937
1.02145
1.02354
1.02565
1.02776
1.02984
1.0319
1.03389
1.03579
1.0376
1.03928
1.04082
1.04222
1.04347
1.0446
1.04562
1.04653
1.04734
1.04801
1.04849
1.04867
1.04846
1.04774
1.04644
1.04458
1.04228
1.03978
1.03747
1.03582
1.03529
1.03619
1.03862
1.04243
1.04724
1.05255
1.05785
1.06271
1.0668
1.07
1.07238
1.07412
1.07543
1.07643
1.07706
1.07714
1.07644
1.0748
1.07225
1.069
1.06545
1.06209
1.0594
1.05779
1.05751
1.05866
1.06116
1.06477
1.06915
1.07394
1.07884
1.08363
1.08822
1.09254
1.09654
1.10016
1.10332
1.10593
1.10792
1.10926
1.10994
1.10999
1.10946
1.10845
1.10707
1.10543
1.10369
1.10196
1.10037
1.09898
1.09781
1.09684
1.09604
1.09542
1.09504
1.09503
1.09553
1.09663
1.0983
1.10038
1.10264
1.10479
1.10662
1.10796
1.10875
1.109
1.10878
1.10818
1.10734
1.10638
1.10544
1.10467
1.10416
1.10402
1.1043
1.10502
1.10617
1.10769
1.10949
1.11148
1.11354
1.11559
1.11752
1.11927
1.12081
1.12209
1.1231
1.12383
1.12429
1.12448
1.12442
1.1241
1.12355
1.12276
1.12174
1.12048
1.11899
1.11726
1.11531
1.11315
1.11086
1.10854
1.10636
1.10453
1.10328
1.10282
1.10326
1.1046
1.10671
1.10932
1.1121
1.1147
1.11681
1.11822
1.11882
1.11864
1.11787
1.11685
1.11606
1.11595
1.11687
1.1189
1.12183
1.12525
1.12868
1.1317
1.13399
1.13537
1.13576
1.13514
1.13359
1.13122
1.12828
1.12505
1.12189
1.1191
1.11694
1.11556
1.11506
1.11547
1.11681
1.11901
1.12187
1.12507
1.12825
1.13108
1.13334
1.13493
1.13589
1.13631
1.13636
1.1362
1.136
1.13588
1.13589
1.13606
1.13633
1.13663
1.13688
1.137
1.13694
1.13667
1.13616
1.13541
1.13441
1.13315
1.13163
1.12981
1.12769
1.12526
1.12253
1.1196
1.11663
1.11385
1.11159
1.11019
1.10993
1.11098
1.1133
1.11667
1.12074
1.12509
1.12937
1.13332
1.13677
1.13966
1.14199
1.14382
1.1452
1.14621
1.14694
1.14744
1.14778
1.148
1.14815
1.14826
1.14836
1.14847
1.14862
1.14881
1.14906
1.14937
1.14973
1.15015
1.1506
1.15107
1.15154
1.15197
1.15232
1.15255
1.15257
1.15234
1.15177
1.15081
1.14948
1.14783
1.14605
1.14439
1.14319
1.14269
1.14302
1.14407
1.14559
1.14722
1.14869
1.14979
1.15043
1.15062
1.15037
1.14969
1.14856
1.14686
1.14444
1.14114
1.13688
1.13169
1.12584
1.11984
1.11434
1.10999
1.10731
1.10661
1.108
1.11137
1.11641
1.12263
1.12945
1.1363
1.14273
1.14841
1.15314
1.15681
1.15938
1.16086
1.16128
1.16071
1.15924
1.15699
1.15416
1.15094
1.14762
1.14446
1.14175
1.13968
1.13835
1.13775
1.13778
1.13826
1.13902
1.13992
1.14083
1.1417
1.14251
1.14325
1.14396
1.14463
1.14527
1.14587
1.14639
1.14682
1.14712
1.14727
1.14729
1.14718
1.147
1.14678
1.1466
1.14651
1.14657
1.1468
1.14723
1.14782
1.14852
1.14923
1.14986
1.15025
1.15026
1.14972
1.14847
1.14633
1.14318
1.13895
1.13373
1.12784
1.12191
1.11681
1.11344
1.1124
1.1137
1.11681
1.12097
1.12548
1.12989
1.134
1.13775
1.14116
1.14425
1.14704
1.14949
1.15157
1.15324
1.15445
1.15515
1.15528
1.15478
1.15355
1.15147
1.14841
1.14423
1.13885
1.13232
1.12496
1.11741
1.11062
1.10563
1.10316
1.10338
1.10584
1.10975
1.11423
1.11862
1.12243
1.12545
1.12763
1.12908
1.12996
1.13046
1.13076
1.13098
1.13121
1.13152
1.13196
1.13252
1.13318
1.1339
1.13461
1.13527
1.13585
1.13632
1.13667
1.13686
1.13684
1.13655
1.1359
1.13482
1.13325
1.13118
1.12865
1.12583
1.12294
1.1203
1.11822
1.11699
1.11677
1.11754
1.11914
1.12129
1.12369
1.12607
1.12826
1.13015
1.13174
1.13304
1.13411
1.13497
1.13567
1.13621
1.1366
1.13682
1.13686
1.13671
1.13638
1.13588
1.13523
1.13445
1.13356
1.1326
1.13156
1.13047
1.12929
1.12802
1.12662
1.12507
1.12337
1.12155
1.11968
1.11789
1.11632
1.11514
1.11447
1.11437
1.1148
1.11562
1.11663
1.11761
1.11836
1.11872
1.11863
1.11809
1.11715
1.11593
1.11456
1.1132
1.11196
1.11096
1.11027
1.10994
1.10999
1.11044
1.11134
1.11269
1.1145
1.11673
1.11926
1.12197
1.12468
1.12722
1.12944
1.13125
1.13257
1.13337
1.13363
1.13336
1.13256
1.13125
1.12942
1.1271
1.1243
1.12105
1.11741
1.11348
1.10942
1.10544
1.10179
1.09874
1.09649
1.09518
1.09476
1.09511
1.09599
1.09713
1.0983
1.09934
1.10017
1.1008
1.10133
1.1019
1.10265
1.10371
1.10515
1.10695
1.10906
1.11135
1.1137
1.11599
1.11814
1.12007
1.12175
1.12316
1.12427
1.12504
1.12544
1.12539
1.12482
1.12362
1.12169
1.11893
1.1153
1.11086
1.10581
1.10054
1.09562
1.09173
1.08951
1.08937
1.09138
1.0952
1.10018
1.10559
1.11077
1.11526
1.11886
1.12151
1.12331
1.12435
1.12479
1.12476
1.12435
1.12368
1.12281
1.12183
1.12077
1.1197
1.11865
1.11764
1.11669
1.11583
1.11506
1.11437
1.11379
1.11329
1.11288
1.11256
1.11236
1.11233
1.11255
1.11311
1.11408
1.11548
1.11726
1.1193
1.12142
1.12344
1.12526
1.12683
1.12822
1.12956
1.13098
1.13256
1.1343
1.13605
1.13763
1.13882
1.13945
1.13944
1.13876
1.13743
1.13552
1.13303
1.12997
1.12633
1.12219
1.11781
1.11364
1.1103
1.10843
1.10843
1.11031
1.11369
1.11794
1.1224
1.12654
1.13006
1.13284
1.13493
1.13643
1.13752
1.13838
1.13916
1.13996
1.14082
1.14171
1.14254
1.1432
1.14354
1.14344
1.14277
1.1414
1.13917
1.13591
1.13148
1.12597
1.11991
1.11453
1.11157
1.11256
1.11779
1.12609
1.1355
1.14435
1.15166
1.15719
1.16108
1.16364
1.16523
1.16617
1.16675
1.1672
1.16767
1.16827
1.16899
1.16981
1.17061
1.17128
1.17171
1.17181
1.17155
1.17091
1.16991
1.16862
1.16709
1.16537
1.16355
1.16168
1.15986
1.15819
1.15679
1.15577
1.15524
1.15525
1.15578
1.15678
1.15816
1.1598
1.16158
1.16343
1.16529
1.16715
1.16901
1.17089
1.17284
1.17488
1.17704
1.17933
1.1817
1.18412
1.18651
1.18879
1.1909
1.19276
1.19433
1.19556
1.19643
1.19694
1.1971
1.19691
1.19642
1.19567
1.19471
1.19364
1.19253
1.19145
1.19044
1.1895
1.18853
1.18742
1.18602
1.18418
1.18182
1.17892
1.17556
1.1719
1.16822
1.16486
1.16226
1.16089
1.16115
1.16328
1.16714
1.17229
1.17805
1.18373
1.18879
1.19294
1.1961
1.19832
1.19979
1.20068
1.20118
1.20147
1.20168
1.20192
1.20224
1.20271
1.20333
1.20411
1.20502
1.20603
1.20709
1.20816
1.20918
1.2101
1.21088
1.21146
1.21179
1.21182
1.2115
1.21075
1.20947
1.20758
1.20497
1.20157
1.19738
1.19257
1.18754
1.18297
1.17966
1.17833
1.17928
1.18229
1.18673
1.19184
1.19697
1.2017
1.20581
1.20925
1.21202
1.21419
1.21583
1.21703
1.21785
1.21835
1.21856
1.21852
1.21822
1.21765
1.21678
1.21559
1.21408
1.21224
1.21012
1.2078
1.20539
1.20309
1.2011
1.19965
1.19892
1.19898
1.19976
1.20104
1.20251
1.20382
1.20463
1.2047
1.20384
1.20201
1.19929
1.1959
1.19224
1.18874
1.18586
1.18391
1.18304
1.1832
1.18421
1.18584
1.18788
1.19013
1.19247
1.19482
1.19712
1.1993
1.20132
1.20312
1.20466
1.20588
1.20674
1.20721
1.20726
1.20686
1.20598
1.20461
1.20274
1.20035
1.19747
1.19414
1.19047
1.18665
1.18292
1.17962
1.17706
1.17553
1.17514
1.17584
1.17744
1.17961
1.18204
1.18441
1.18652
1.18819
1.18932
1.18985
1.18975
1.18902
1.18767
1.18576
1.18339
1.18073
1.17805
1.17566
1.17387
1.1729
1.17274
1.1732
1.17394
1.17459
1.17485
1.17458
1.17378
1.17257
1.17117
1.16981
1.1687
1.16798
1.16767
1.16771
1.16793
1.1682
1.16838
1.16846
1.1685
1.16861
1.16895
1.16956
1.17037
1.17121
1.17178
1.1718
1.17101
1.16924
1.16643
1.16269
1.1583
1.15376
1.14969
1.14672
1.14526
1.14537
1.14677
1.14895
1.15143
1.15384
1.15598
1.15774
1.15909
1.16002
1.16054
1.16066
1.16039
1.15976
1.1588
1.15754
1.156
1.15421
1.15218
1.14994
1.14752
1.14494
1.14228
1.13958
1.13693
1.13443
1.13218
1.13033
1.12905
1.12849
1.12879
1.12996
1.13192
1.13445
1.13729
1.14019
1.14293
1.14535
1.14738
1.14897
1.15012
1.15084
1.15116
1.1511
1.15066
1.14987
1.14873
1.14725
1.14543
1.1433
1.14086
1.13815
1.13523
1.13218
1.12909
1.12607
1.12323
1.12066
1.11845
1.11666
1.11534
1.11454
1.11432
1.1147
1.11567
1.11718
1.11911
1.12132
1.12367
1.12603
1.1283
1.13042
1.13236
1.13412
1.1357
1.13709
1.13829
1.13929
1.14008
1.14064
1.14097
1.14108
1.141
1.14078
1.14048
1.14016
1.13991
1.13977
1.13981
1.14005
1.14049
1.14111
1.1419
1.14279
1.14376
1.14476
1.14574
1.14667
1.14753
1.1483
1.14894
1.14945
1.1498
1.14998
1.14997
1.14974
1.14929
1.1486
1.14768
1.14655
1.14529
1.14402
1.14292
1.14221
1.14209
1.14271
1.1441
1.14618
1.14872
1.15148
1.15421
1.15671
1.15884
1.16053
1.16174
1.16243
1.16261
1.16224
1.16135
1.15996
1.15815
1.15603
1.1538
1.15166
1.14985
1.14856
1.14791
1.14797
1.14869
1.14996
1.15163
1.15354
1.15556
1.1576
1.15965
1.16178
1.16405
1.1665
1.16913
1.17182
1.17441
1.17671
1.17858
1.1799
1.1806
1.18068
1.1802
1.17926
1.178
1.17661
1.1753
1.17427
1.17369
1.17365
1.17417
1.17515
1.17647
1.17798
1.17951
1.18096
1.18223
1.1833
1.18416
1.18483
1.18537
1.18586
1.18638
1.18701
1.18778
1.18874
1.18984
1.19104
1.19224
1.19337
1.19431
1.195
1.19536
1.19533
1.19487
1.19395
1.19253
1.19064
1.18837
1.18592
1.18361
1.18183
1.18091
1.181
1.18198
1.18348
1.18505
1.18622
1.18666
1.1862
1.18478
1.18243
1.17925
1.17539
1.1711
1.16676
1.16292
1.16025
1.15937
1.16058
1.16368
1.16802
1.17272
1.17702
1.18045
1.18289
1.18453
1.18577
1.18706
1.18877
1.19103
1.19375
1.19665
1.1994
1.20171
1.20341
1.20441
1.20476
1.20452
1.20381
1.20275
1.20147
1.20007
1.19864
1.19725
1.19596
1.19478
1.19372
1.19277
1.19192
1.19116
1.19046
1.18981
1.18923
1.18869
1.18818
1.18768
1.18716
1.18658
1.18589
1.18503
1.18395
1.18264
1.18108
1.17932
1.17747
1.17567
1.1741
1.17296
1.17239
1.17246
1.17315
1.17437
1.17597
1.17778
1.17964
1.18141
1.183
1.18433
1.18536
1.18607
1.18649
1.18661
1.18647
1.18612
1.18557
1.18487
1.18403
1.18307
1.18201
1.18084
1.17955
1.17814
1.1766
1.17494
1.17318
1.17136
1.16954
1.1678
1.16619
1.16478
1.16357
1.16253
1.16159
1.16063
1.15951
1.15813
1.15641
1.15434
1.15199
1.14955
1.14729
1.14551
1.14453
1.14455
1.14559
1.1475
1.15
1.15275
1.15545
1.15787
1.15987
1.1614
1.16245
1.16306
1.16331
1.16326
1.16301
1.1626
1.16211
1.16154
1.16087
1.16008
1.15906
1.15775
1.15605
1.1539
1.15128
1.14825
1.14501
1.14197
1.13968
1.1387
1.13934
1.14148
1.14457
1.14787
1.15077
1.1529
1.15422
1.1549
1.1552
1.15536
1.15551
1.15567
1.15576
1.15566
1.15526
1.15453
1.15351
1.15236
1.15131
1.15063
1.1506
1.15138
1.15302
1.15539
1.15824
1.16118
1.16384
1.16584
1.16689
1.16672
1.16517
1.16208
1.1574
1.15125
1.14401
1.13654
1.13012
1.12617
1.12558
1.12819
1.1329
1.13832
1.14332
1.14733
1.15021
1.15208
1.15315
1.15363
1.15373
1.15365
1.15357
1.15365
1.15399
1.15465
1.15562
1.15684
1.15823
1.1597
1.16114
1.16251
1.16373
1.16478
1.16563
1.16627
1.16671
1.16694
1.16698
1.16684
1.16653
1.16607
1.1655
1.16484
1.16413
1.1634
1.16269
1.16204
1.16147
1.16102
1.16069
1.16051
1.16045
1.16053
1.16073
1.16103
1.1614
1.16184
1.16232
1.16283
1.16334
1.16384
1.16431
1.16474
1.1651
1.16539
1.16556
1.16557
1.1654
1.16497
1.16426
1.16322
1.16187
1.16025
1.15849
1.15673
1.1552
1.15406
1.15342
1.15329
1.15355
1.15399
1.15441
1.15463
1.15463
1.15452
1.1546
1.15523
1.15674
1.15923
1.16256
1.16639
1.17027
1.17382
1.17675
1.17892
1.18031
1.18094
1.18088
1.18024
1.17912
1.17766
1.17596
1.17411
1.17218
1.17019
1.16817
1.16614
1.16416
1.16232
1.16076
1.15965
1.15915
1.15937
1.16033
1.16199
1.16422
1.16683
1.16964
1.17245
1.17512
1.17751
1.17954
1.18113
1.18223
1.18277
1.18267
1.18185
1.18018
1.17754
1.17386
1.16925
1.16412
1.15926
1.15571
1.1544
1.15561
1.15883
1.16297
1.16692
1.16995
1.17176
1.17248
1.1725
1.1724
1.17277
1.17404
1.17632
1.17929
1.18238
1.18489
1.18622
1.18597
1.18401
1.18058
1.17632
1.17223
1.16949
1.16897
1.17086
1.17463
1.17937
1.18422
1.18863
1.19235
1.19535
1.19772
1.19956
1.20095
1.20197
1.20267
1.20312
1.20338
1.20349
1.20351
1.2035
1.20347
1.20345
1.2034
1.2033
1.2031
1.20276
1.20224
1.20155
1.20072
1.19981
1.19892
1.19815
1.19758
1.19722
1.19702
1.19682
1.19638
1.19545
1.19381
1.19138
1.1883
1.18494
1.18187
1.17973
1.179
1.17991
1.18235
1.18595
1.19026
1.19486
1.1994
1.20364
1.20743
1.21067
1.21331
1.21534
1.21676
1.21764
1.21807
1.21814
1.218
1.2178
1.21772
1.2179
1.21843
1.2193
1.22037
1.2214
1.22204
1.22194
1.22077
1.21837
1.21477
1.2103
1.20563
1.20161
1.19906
1.1984
1.19952
1.20179
1.20436
1.20646
1.20752
1.20724
1.20556
1.20268
1.19897
1.19495
1.19124
1.18847
1.18711
1.18742
1.18933
1.19248
1.19628
1.20014
1.2035
1.20598
1.20733
1.20745
1.20639
1.20428
1.20142
1.1982
1.19508
1.19252
1.19091
1.19041
1.19101
1.19247
1.19446
1.1966
1.19853
1.19999
1.20084
1.20102
1.20059
1.19968
1.19849
1.19722
1.19608
1.1952
1.19464
1.19433
1.19409
1.19364
1.19264
1.19075
1.18774
1.18365
1.17896
1.17472
1.17226
1.17265
1.17603
1.18155
1.1879
1.19391
1.19891
1.20267
1.2053
1.20699
1.20795
1.20838
1.20842
1.2082
1.2078
1.20726
1.20665
1.20598
1.2053
1.20464
1.20402
1.20346
1.20299
1.20261
1.2023
1.20205
1.20177
1.20138
1.20078
1.19984
1.19845
1.19653
1.19411
1.19133
1.18851
1.1861
1.18455
1.1842
1.18507
1.18695
1.18939
1.19198
1.19437
1.1964
1.19805
1.19941
1.20064
1.20193
1.20344
1.20525
1.20738
1.20979
1.21235
1.21494
1.21743
1.21971
1.22171
1.22336
1.22461
1.22543
1.22576
1.22558
1.22487
1.22364
1.22195
1.21992
1.21773
1.21562
1.21385
1.21262
1.21206
1.21213
1.21265
1.21334
1.21383
1.21376
1.2128
1.2107
1.20731
1.20264
1.19692
1.1906
1.18433
1.17883
1.17469
1.17222
1.17131
1.17163
1.17277
1.17454
1.17698
1.18032
1.18479
1.19033
1.19662
1.20306
1.20904
1.21409
1.21794
1.22051
1.22184
1.22207
1.22133
1.21977
1.21752
1.21474
1.21157
1.2082
1.20476
1.20136
1.19809
1.19503
1.19231
1.19013
1.18877
1.18845
1.18925
1.19109
1.19366
1.19655
1.19928
1.20138
1.20248
1.20225
1.2005
1.19715
1.19228
1.18624
1.1797
1.17369
1.16939
1.16772
1.16895
1.17258
1.17767
1.18326
1.18863
1.19339
1.19737
1.20051
1.20284
1.20438
1.20518
1.20528
1.20473
1.20361
1.202
1.19999
1.1977
1.19525
1.19276
1.19036
1.18812
1.18613
1.18438
1.18283
1.18141
1.18001
1.17855
1.177
1.17538
1.17379
1.17241
1.17141
1.17096
1.1712
1.17219
1.17392
1.17633
1.17922
1.18237
1.18551
1.18839
1.19082
1.1927
1.19398
1.19467
1.19482
1.19447
1.19367
1.19249
1.19096
1.18912
1.18703
1.18472
1.18227
1.17974
1.17721
1.17478
1.17255
1.17061
1.16904
1.16788
1.16714
1.1668
1.16681
1.16708
1.16752
1.16806
1.16862
1.16915
1.16961
1.16998
1.17024
1.17035
1.1703
1.17007
1.16965
1.16909
1.16843
1.16777
1.16723
1.16692
1.16694
1.16733
1.16811
1.16922
1.17056
1.17202
1.1735
1.17488
1.17608
1.17706
1.17779
1.17827
1.17851
1.17855
1.17841
1.17814
1.17778
1.17736
1.1769
1.17642
1.17591
1.17532
1.1746
1.17366
1.17239
1.17067
1.16841
1.16556
1.16213
1.15829
1.15431
1.15055
1.1474
1.14512
1.14376
1.1432
1.14316
1.14339
1.14373
1.1441
1.14448
1.14491
1.14541
1.14605
1.14691
1.14806
1.14957
1.15143
1.15355
1.15579
1.15797
1.15991
1.16146
1.16255
1.16314
1.16326
1.16298
1.16242
1.1617
1.16096
1.16032
1.1599
1.15975
1.15989
1.16027
1.16083
1.16145
1.16202
1.16243
1.1626
1.16246
1.162
1.16121
1.16015
1.1589
1.15759
1.15634
1.15529
1.15453
1.15412
1.15405
1.15425
1.15463
1.15509
1.15554
1.1559
1.15615
1.15626
1.15623
1.15607
1.15576
1.1553
1.15463
1.1537
1.15243
1.15075
1.1486
1.14593
1.14276
1.13922
1.1355
1.13194
1.12891
1.1268
1.12592
1.12639
1.12816
1.13103
1.13469
1.13882
1.14314
1.14742
1.1515
1.15526
1.15862
1.16155
1.16401
1.16599
1.16746
1.16842
1.16881
1.16862
1.16781
1.16637
1.16434
1.16182
1.15899
1.15608
1.15337
1.15112
1.14949
1.14853
1.14817
1.14823
1.14848
1.14871
1.14875
1.14848
1.14786
1.14691
1.14576
1.1447
1.14414
1.14452
1.14619
1.14921
1.15332
1.15805
1.16283
1.16723
1.17095
1.17385
1.17589
1.17712
1.17759
1.17739
1.17659
1.17528
1.17357
1.17158
1.16943
1.16729
1.1653
1.16361
1.16235
1.16159
1.16134
1.16158
1.16223
1.16325
1.16457
1.16617
1.16805
1.17021
1.17261
1.17516
1.17773
1.18009
1.18196
1.18299
1.1828
1.18104
1.17752
1.17252
1.16698
1.16256
1.16106
1.16338
1.16888
1.17586
1.1825
1.18766
1.19094
1.19243
1.19247
1.19144
1.18971
1.18761
1.18537
1.18321
1.18129
1.17981
1.17897
1.17893
1.17979
1.18143
1.18349
1.18546
1.18672
1.18668
1.1849
1.18119
1.17576
1.16938
1.16334
1.15908
1.15763
1.15917
1.16311
1.16849
1.17436
1.17996
1.18475
1.18843
1.19089
1.19221
1.19258
1.19227
1.19156
1.19073
1.19002
1.18958
1.18951
1.18983
1.19051
1.19148
1.19264
1.1939
1.19512
1.19619
1.19695
1.19724
1.19693
1.19588
1.19403
1.19145
1.18836
1.18518
1.18247
1.18077
1.18045
1.18151
1.18363
1.18632
1.1891
1.19164
1.19377
1.19545
1.19673
1.1977
1.19841
1.19895
1.19934
1.1996
1.19975
1.19975
1.1996
1.19926
1.19869
1.19788
1.19679
1.1954
1.19375
1.19186
1.18983
1.18781
1.18597
1.18452
1.18361
1.18335
1.18372
1.18462
1.18586
1.18722
1.18853
1.18969
1.19076
1.19189
1.19331
1.19521
1.19765
1.20051
1.20354
1.20639
1.20872
1.21031
1.21099
1.21073
1.20958
1.20765
1.20511
1.20218
1.19911
1.19616
1.19362
1.19172
1.19061
1.19032
1.19074
1.19162
1.19268
1.19365
1.19431
1.19459
1.19453
1.19431
1.19419
1.19443
1.19524
1.19666
1.19861
1.20089
1.20326
1.20552
1.20754
1.20923
1.21057
1.21156
1.21223
1.21258
1.21265
1.21245
1.21201
1.21135
1.2105
1.20952
1.20844
1.20733
1.20628
1.20535
1.20463
1.20415
1.20393
1.20391
1.20403
1.20419
1.20431
1.20435
1.20431
1.20426
1.20428
1.20444
1.20479
1.20534
1.20603
1.20675
1.20734
1.20764
1.20753
1.20692
1.20581
1.2043
1.2026
1.20098
1.19974
1.19911
1.19925
1.20015
1.20166
1.20356
1.20561
1.20757
1.20929
1.21066
1.21162
1.21216
1.2123
1.21204
1.21141
1.21042
1.20908
1.20742
1.20546
1.20324
1.20086
1.19846
1.19621
1.19435
1.19306
1.19249
1.19264
1.19337
1.19443
1.19548
1.19616
1.19611
1.19502
1.19264
1.18886
1.18384
1.17821
1.17312
1.17005
1.1702
1.17382
1.18002
1.18736
1.19451
1.20064
1.20543
1.20884
1.21101
1.21206
1.21211
1.21125
1.20953
1.20701
1.20377
1.19998
1.19591
1.19191
1.18838
1.18562
1.18373
1.1825
1.18154
1.18044
1.17896
1.17716
1.17538
1.17416
1.17402
1.17533
1.17814
1.18219
1.187
1.19205
1.1969
1.20125
1.20496
1.20801
1.21043
1.21229
1.21368
1.21465
1.21525
1.21552
1.21548
1.21513
1.21449
1.21358
1.21246
1.21118
1.20988
1.2087
1.20781
1.20735
1.20742
1.20803
1.20914
1.21062
1.21235
1.2142
1.21608
1.21792
1.21971
1.22143
1.22309
1.22469
1.2262
1.22761
1.22886
1.2299
1.23063
1.23097
1.23084
1.23017
1.22894
1.22719
1.22506
1.22281
1.22076
1.21927
1.21859
1.21876
1.21959
1.22067
1.22151
1.22164
1.22074
1.21878
1.21608
1.21338
1.21167
1.21185
1.21423
1.21839
1.22341
1.22827
1.23221
1.23484
1.23606
1.2359
1.23452
1.23204
1.22865
1.22451
1.21983
1.21487
1.20991
1.20529
1.20131
1.19817
1.19597
1.19468
1.19417
1.19428
1.1949
1.19596
1.19743
1.19931
1.20156
1.20406
1.20669
1.20926
1.21162
1.21361
1.21515
1.21618
1.21671
1.21677
1.2164
1.21566
1.21461
1.2133
1.21173
1.20993
1.2079
1.20567
1.20333
1.20101
1.19889
1.19714
1.1959
1.19519
1.19492
1.19491
1.19492
1.19479
1.19441
1.19376
1.19289
1.19192
1.19098
1.19015
1.18953
1.18912
1.18895
1.18898
1.1892
1.18962
1.19022
1.19103
1.19206
1.1933
1.19476
1.19638
1.19809
1.1998
1.2014
1.20274
1.2037
1.20414
1.20392
1.20293
1.20106
1.19824
1.19447
1.18982
1.18453
1.17896
1.17364
1.1691
1.16579
1.16395
1.16354
1.16444
1.16648
1.16955
1.17357
1.17837
1.18363
1.18893
1.19384
1.198
1.2012
1.20329
1.20426
1.20414
1.20303
1.20106
1.19848
1.1956
1.19281
1.19054
1.18921
1.18906
1.19014
1.19225
1.19502
1.19801
1.20086
1.2033
1.20519
1.20649
1.20722
1.20744
1.20722
1.20664
1.20576
1.20462
1.20326
1.20171
1.2
1.19814
1.19615
1.19406
1.19187
1.18962
1.18732
1.18499
1.18265
1.18032
1.17802
1.17577
1.17361
1.17162
1.16987
1.1685
1.16763
1.16737
1.16778
1.16886
1.17053
1.17263
1.17499
1.1774
1.17972
1.18181
1.18361
1.18507
1.1862
1.18702
1.18755
1.18784
1.18793
1.18785
1.18763
1.18731
1.18692
1.18647
1.186
1.1855
1.18498
1.18443
1.1838
1.18305
1.18209
1.18083
1.17916
1.177
1.17428
1.17103
1.16739
1.16364
1.16019
1.15751
1.15599
1.15583
1.15697
1.15917
1.16204
1.16519
1.16828
1.17104
1.17327
1.17486
1.17575
1.17593
1.17545
1.1744
1.17296
1.17134
1.16983
1.16873
1.16829
1.16869
1.16996
1.17197
1.17451
1.17735
1.18025
1.18304
1.18561
1.18789
1.18986
1.1915
1.19282
1.19381
1.19445
1.19473
1.19461
1.19404
1.19298
1.19137
1.18917
1.18636
1.18297
1.17911
1.17497
1.17085
1.16716
1.1643
1.16265
1.16236
1.16338
1.16539
1.16795
1.17059
1.17294
1.17477
1.17603
1.17678
1.1772
1.17754
1.178
1.17874
1.17983
1.18124
1.18286
1.18455
1.18615
1.18755
1.18867
1.18946
1.18994
1.19014
1.19014
1.19004
1.18996
1.19
1.19027
1.19083
1.1917
1.19284
1.19418
1.19564
1.19709
1.19844
1.1996
1.20051
1.20108
1.20128
1.20102
1.20026
1.19892
1.19694
1.19428
1.19093
1.18695
1.1825
1.17787
1.17345
1.16969
1.16701
1.16569
1.16579
1.16714
1.1694
1.17218
1.17508
1.17782
1.18021
1.18218
1.18376
1.18503
1.1861
1.1871
1.1881
1.18916
1.1903
1.19149
1.19269
1.19383
1.19485
1.1957
1.19632
1.19667
1.19672
1.19645
1.19587
1.19502
1.19395
1.19276
1.19158
1.19053
1.18975
1.18933
1.18929
1.18962
1.1902
1.19092
1.19164
1.19223
1.19258
1.19262
1.19228
1.19147
1.19014
1.18824
1.18575
1.1828
1.17973
1.17713
1.17574
1.1762
1.17873
1.18297
1.18816
1.19343
1.19808
1.20171
1.20416
1.20543
1.20559
1.20473
1.20293
1.20027
1.19683
1.19271
1.18808
1.18318
1.17834
1.17398
1.1705
1.16828
1.16752
1.16821
1.17018
1.17308
1.17653
1.18014
1.18363
1.18679
1.18954
1.19184
1.19375
1.19533
1.19667
1.19781
1.19881
1.19967
1.20036
1.20084
1.20104
1.20089
1.20031
1.19925
1.19771
1.1957
1.19333
1.19071
1.18797
1.18522
1.18253
1.17991
1.1774
1.17511
1.17331
1.17236
1.17267
1.17443
1.17757
1.18174
1.18642
1.19109
1.19534
1.19891
1.20167
1.20359
1.2047
1.20507
1.20478
1.20393
1.20263
1.20099
1.19913
1.19716
1.19519
1.19334
1.19169
1.19031
1.18923
1.18846
1.188
1.1878
1.18781
1.18798
1.18826
1.18861
1.18904
1.18957
1.19025
1.19112
1.19223
1.1936
1.19523
1.19707
1.19907
1.20116
1.20326
1.2053
1.2072
1.20891
1.21037
1.21158
1.21251
1.21321
1.21373
1.21416
1.21461
1.21521
1.21608
1.21728
1.21885
1.22074
1.22287
1.22509
1.22725
1.2292
1.23078
1.23187
1.23231
1.23199
1.23081
1.22873
1.22579
1.22221
1.21834
1.2147
1.21183
1.21008
1.20952
1.20986
1.21064
1.21134
1.21158
1.21116
1.21011
1.20869
1.20737
1.20678
1.20756
1.21009
1.2143
1.21971
1.22558
1.23123
1.23617
1.24019
1.2433
1.24559
1.24722
1.24834
1.24905
1.24944
1.24959
1.24955
1.2494
1.24922
1.24907
1.24901
1.24907
1.24925
1.24952
1.2498
1.25001
1.25007
1.24985
1.24927
1.24819
1.24648
1.24395
1.24037
1.23544
1.22888
1.22052
1.21047
1.1993
1.18816
1.17865
1.17234
1.1702
1.17221
1.17746
1.18468
1.19263
1.20043
1.2076
1.21393
1.21939
1.22403
1.22795
1.23124
1.23398
1.23623
1.23805
1.23948
1.24056
1.24132
1.24178
1.24197
1.24194
1.24171
1.24133
1.24084
1.24028
1.2397
1.23912
1.23856
1.23799
1.23738
1.23666
1.2357
1.23433
1.23233
1.2294
1.22524
1.21955
1.21218
1.20325
1.19334
1.18351
1.17512
1.16937
1.16685
1.16746
1.17067
1.17581
1.1823
1.18958
1.1971
1.20432
1.21076
1.21611
1.22024
1.22317
1.22506
1.22614
1.22664
1.22682
1.22688
1.22695
1.22711
1.22732
1.22745
1.22731
1.22667
1.22533
1.22314
1.22008
1.21632
1.21226
1.20852
1.20576
1.20456
1.20508
1.20707
1.20985
1.2126
1.21458
1.21529
1.21455
1.21248
1.20944
1.20599
1.20274
1.20019
1.19857
1.19774
1.19727
1.19665
1.19557
1.19417
1.19307
1.19321
1.19536
1.19975
1.20594
1.21308
1.22026
1.2268
1.23233
1.23672
1.24003
1.24237
1.2439
1.24479
1.24517
1.24516
1.24487
1.24436
1.2437
1.24293
1.24205
1.24107
1.23995
1.23867
1.2372
1.23558
1.23387
1.2322
1.23078
1.22982
1.22949
1.22984
1.23083
1.23229
1.23401
1.23577
1.23744
1.23894
1.24026
1.24145
1.24257
1.24369
1.24487
1.24615
1.24752
1.24897
1.25047
1.252
1.2535
1.25497
1.25635
1.25762
1.25871
1.25956
1.26005
1.26003
1.25932
1.25772
1.25502
1.251
1.2455
1.2384
1.22979
1.22009
1.21028
1.20199
