    0.129266           0           0
    0.193899           0           0
    0.258532           0           0
    0.323165           0           0
    0.387798           0           0
    0.452431           0           0
    0.517064           0           0
    0.581697           0           0
     0.64633           0           0
    0.710963           0           0
    0.775596           0           0
     0.84023           0           0
    0.904863           0           0
    0.969496   0.0013626 0.000503734
     1.03413    0.117684  0.00537429
     1.09876    0.833878   0.0208077
     1.16339     1.61434   0.0305204
     1.22803     1.88173   0.0305608
     1.29266     1.68586   0.0312623
     1.35729     1.47115   0.0274298
     1.42193     1.29627   0.0239384
     1.48656     1.17286   0.0215913
     1.55119     1.09394   0.0187668
     1.61583     1.03244   0.0183699
     1.68046     1.01186   0.0184499
     1.74509    0.964065   0.0177026
     1.80973    0.962093   0.0166852
     1.87436    0.933285   0.0150905
     1.93899    0.927737   0.0172387
     2.00362    0.942111    0.016208
     2.06826     0.93575   0.0144145
     2.13289    0.910785   0.0134529
     2.19752    0.931129   0.0108023
     2.26216    0.926573   0.0126864
     2.32679    0.911961   0.0111497
     2.39142    0.911866   0.0125514
     2.45606    0.912303   0.0118404
     2.52069    0.919796   0.0122839
     2.58532    0.924229   0.0126026
     2.64995    0.929377   0.0105515
     2.71459    0.910633   0.0109475
     2.77922    0.909183    0.010619
     2.84385    0.923204   0.0107666
     2.90849    0.916388  0.00969758
     2.97312    0.916871   0.0107993
     3.03775    0.916023   0.0103498
     3.10239    0.915081  0.00981132
     3.16702    0.922814  0.00881126
     3.23165    0.914057  0.00971362
     3.29629    0.916987  0.00888632
     3.36092    0.917049   0.0088359
     3.42555    0.919051  0.00900564
     3.49018    0.927272  0.00874161
     3.55482    0.925929  0.00946943
     3.61945    0.912333  0.00859429
     3.68408    0.919237  0.00853963
     3.74872    0.917054  0.00800228
     3.81335    0.929269  0.00882569
     3.87798    0.922203  0.00781288
     3.94262    0.919372  0.00709447
     4.00725    0.921947  0.00721045
     4.07188    0.921728  0.00716624
     4.13651    0.918768  0.00642912
     4.20115      0.9326   0.0067604
     4.26578      0.9341  0.00576124
     4.33041    0.931118  0.00716459
     4.39505    0.932124  0.00716656
     4.45968    0.932793  0.00696937
     4.52431    0.928914   0.0061742
     4.58895    0.933144  0.00619622
     4.65358    0.938351  0.00642613
     4.71821    0.936588  0.00558879
     4.78285     0.93481  0.00619083
     4.84748    0.938212  0.00630577
     4.91211    0.940513  0.00586191
     4.97674    0.935909  0.00559282
     5.04138    0.934543  0.00618379
     5.10601    0.942389   0.0053735
     5.17064    0.944797  0.00535291
     5.23528     0.94331  0.00530795
     5.29991    0.932751  0.00499006
     5.36454    0.927712  0.00598119
     5.42918    0.929082  0.00537279
     5.49381    0.929552  0.00583615
     5.55844    0.930273  0.00555345
     5.62307    0.933526  0.00568117
     5.68771    0.934533  0.00513819
     5.75234    0.936775  0.00493432
     5.81697    0.933711   0.0048654
     5.88161    0.931849  0.00441427
     5.94624    0.939291  0.00450986
     6.01087    0.933454  0.00452412
     6.07551    0.944647  0.00404721
     6.14014     0.95118  0.00452716
     6.20477    0.951527  0.00430445
      6.2694    0.943627   0.0044844
     6.33404    0.947501  0.00462529
     6.39867    0.947646  0.00427351
      6.4633    0.942029  0.00451945
     6.52794    0.940489  0.00433504
