           1   -0.457636           0
           2   -0.476933   0.0136449
           3   -0.475021  0.00922963
           4   -0.457075   0.0170129
           5   -0.432165    0.026109
           6   -0.416254   0.0261598
           7   -0.409287   0.0233321
           8   -0.410556   0.0204501
           9   -0.404405   0.0190805
          10   -0.395295   0.0192247
          11   -0.390329   0.0181071
          12   -0.392033   0.0166781
          13   -0.390258   0.0154893
          14   -0.390826   0.0143933
          15   -0.391202   0.0134387
          16   -0.390305   0.0126287
          17   -0.391027   0.0119064
          18   -0.390267   0.0112692
          19   -0.389136   0.0107326
          20   -0.388485   0.0102158
          21   -0.388465  0.00972932
          22   -0.389137  0.00931031
          23   -0.391341  0.00916255
          24   -0.394287  0.00924236
          25   -0.397166  0.00931024
          26   -0.400339  0.00947746
          27   -0.402293  0.00932557
          28    -0.40166  0.00901393
          29   -0.401701  0.00870319
          30   -0.402631  0.00846266
          31   -0.403174  0.00820708
          32   -0.405233  0.00820463
          33   -0.404531  0.00798591
          34   -0.403632  0.00780151
          35   -0.403319  0.00758488
          36   -0.402754  0.00739521
          37   -0.403361  0.00722021
          38   -0.403451  0.00703077
          39   -0.403431  0.00685052
          40   -0.402541  0.00673678
          41   -0.401101  0.00672457
          42   -0.401165  0.00656477
          43   -0.401297  0.00641342
          44   -0.401069  0.00627172
          45   -0.400917  0.00613418
          46    -0.40032  0.00602986
          47   -0.399882  0.00591741
          48   -0.399173  0.00583649
          49   -0.399603  0.00573321
          50   -0.399795  0.00562175
          51   -0.400196  0.00552584
          52   -0.399988  0.00542349
          53   -0.400346  0.00533292
          54   -0.400469  0.00523559
          55   -0.399912  0.00516997
          56   -0.399182  0.00512888
          57   -0.398686  0.00506287
          58   -0.398347   0.0049869
          59    -0.39836   0.0049024
          60   -0.398874  0.00484762
          61   -0.398455  0.00478623
          62   -0.397559  0.00479231
          63   -0.397553  0.00471624
          64   -0.398215  0.00468885
          65   -0.399111  0.00470151
          66   -0.399673  0.00466376
          67   -0.400928  0.00475986
          68   -0.401436   0.0047169
          69   -0.401763  0.00465986
          70   -0.402242  0.00461789
          71   -0.403408  0.00469783
          72   -0.404479  0.00475294
          73   -0.405425  0.00478104
          74   -0.405899  0.00473986
          75   -0.406032  0.00467853
          76     -0.4062     0.00462
          77   -0.406318  0.00456149
          78   -0.406579  0.00451051
          79   -0.406834  0.00446058
          80   -0.407161  0.00441681
          81   -0.407551  0.00437951
          82   -0.407125   0.0043468
          83   -0.406607  0.00432522
          84   -0.406345  0.00428162
          85   -0.406008  0.00424454
          86   -0.406312  0.00420609
          87   -0.406646  0.00417098
          88   -0.407014  0.00413979
          89   -0.407183   0.0040967
          90   -0.407464  0.00406085
          91   -0.407089  0.00403358
          92   -0.407234  0.00399234
          93   -0.407543  0.00396139
          94     -0.4077  0.00392235
          95   -0.407574  0.00388307
          96   -0.407518  0.00384303
          97   -0.407827  0.00381581
          98   -0.408452  0.00382769
          99   -0.409167  0.00385528
         100    -0.40991  0.00388775
