           1     1.24065           0
           2     1.25352  0.00910305
           3     1.25231  0.00614801
           4     1.24039   0.0113113
           5     1.22381   0.0173704
           6     1.21323   0.0174039
           7      1.2086   0.0155203
           8     1.20947   0.0136047
           9     1.20539   0.0126905
          10     1.19933   0.0127863
          11     1.19603   0.0120434
          12     1.19717   0.0110941
          13     1.19599   0.0103031
          14     1.19638  0.00957448
          15     1.19663  0.00893956
          16     1.19604  0.00840054
          17     1.19652  0.00792014
          18     1.19601  0.00749644
          19     1.19526     0.00714
          20     1.19481   0.0067966
          21      1.1948  0.00647298
          22     1.19524  0.00619403
          23     1.19671    0.006096
          24     1.19867  0.00614993
          25     1.20059  0.00619585
          26     1.20271  0.00630892
          27     1.20401  0.00620896
          28     1.20359   0.0060014
          29     1.20362  0.00579452
          30     1.20424  0.00563458
          31      1.2046  0.00546442
          32     1.20597  0.00546306
          33     1.20551  0.00531737
          34     1.20491  0.00519477
          35      1.2047  0.00505064
          36     1.20432  0.00492465
          37     1.20472  0.00480784
          38     1.20477  0.00468166
          39     1.20476  0.00456164
          40     1.20416  0.00448616
          41      1.2032  0.00447836
          42     1.20325  0.00437194
          43     1.20334   0.0042712
          44     1.20319  0.00417677
          45     1.20309  0.00408513
          46     1.20269   0.0040156
          47      1.2024  0.00394065
          48     1.20193  0.00388673
          49     1.20222   0.0038181
          50     1.20235  0.00374394
          51     1.20262  0.00368019
          52     1.20248  0.00361198
          53     1.20272  0.00355176
          54      1.2028  0.00348699
          55     1.20243  0.00344319
          56     1.20195  0.00341564
          57     1.20162  0.00337161
          58     1.20139    0.003321
          59      1.2014  0.00326472
          60     1.20174  0.00322842
          61     1.20147  0.00318749
          62     1.20087  0.00319149
          63     1.20087  0.00314083
          64     1.20131   0.0031228
          65     1.20191  0.00313154
          66     1.20228  0.00310639
          67     1.20312   0.0031705
          68     1.20346   0.0031419
          69     1.20367  0.00310391
          70     1.20399  0.00307599
          71     1.20477  0.00312946
          72     1.20549  0.00316646
          73     1.20612  0.00318546
          74     1.20643  0.00315816
          75     1.20652   0.0031173
          76     1.20664  0.00307831
          77     1.20671  0.00303931
          78     1.20689   0.0030053
          79     1.20706  0.00297204
          80     1.20727  0.00294284
          81     1.20754  0.00291813
          82     1.20725  0.00289633
          83     1.20691  0.00288193
          84     1.20673  0.00285283
          85     1.20651  0.00282809
          86     1.20671  0.00280247
          87     1.20693  0.00277912
          88     1.20718  0.00275837
          89     1.20729  0.00272967
          90     1.20748  0.00270586
          91     1.20723  0.00268763
          92     1.20733  0.00266016
          93     1.20754  0.00263961
          94     1.20764  0.00261361
          95     1.20756  0.00258743
          96     1.20752  0.00256076
          97     1.20772  0.00254259
          98     1.20814  0.00255039
          99     1.20862   0.0025685
         100     1.20911  0.00259006
