           1   0.0489753           0
           2   0.0489995 1.71103e-05
           3   0.0490084 1.35401e-05
           4   0.0490424 3.11675e-05
           5   0.0491433 9.35784e-05
           6    0.049057 0.000110857
           7   0.0490446 9.57063e-05
           8   0.0491308 0.000116277
           9   0.0490788  0.00011443
          10   0.0490897 0.000103513
          11   0.0490808 9.44869e-05
          12   0.0490912 8.71864e-05
          13    0.049118 8.44811e-05
          14   0.0490821 8.57176e-05
          15    0.049084 8.00228e-05
          16   0.0490827 7.50317e-05
          17   0.0490774 7.08022e-05
          18   0.0490549 7.03555e-05
          19   0.0490345 6.95578e-05
          20   0.0490454 6.69317e-05
          21   0.0490301 6.54713e-05
          22   0.0490386 6.30407e-05
          23   0.0490374 6.03113e-05
          24   0.0490371 5.77988e-05
          25   0.0490083 6.22563e-05
          26   0.0490153 6.02576e-05
          27    0.049013 5.80704e-05
          28   0.0490364 6.05219e-05
          29   0.0490375 5.84446e-05
          30   0.0490314 5.68121e-05
          31   0.0490282 5.50688e-05
          32   0.0490223 5.36619e-05
          33   0.0490118 5.30513e-05
          34   0.0490104 5.15092e-05
          35   0.0489857   5.565e-05
          36   0.0490041 5.70615e-05
          37   0.0490071 5.55976e-05
          38   0.0490229 5.63415e-05
          39   0.0490231 5.48971e-05
          40   0.0490266 5.36352e-05
          41   0.0490244 5.23706e-05
          42   0.0490422 5.40736e-05
          43   0.0490438 5.28398e-05
          44   0.0490362 5.21925e-05
          45   0.0490373 5.10457e-05
          46   0.0490318  5.0234e-05
          47   0.0490288 4.92543e-05
          48   0.0490337 4.84739e-05
          49   0.0490432 4.83928e-05
          50   0.0490374 4.77698e-05
          51   0.0490372 4.68335e-05
          52   0.0490351 4.59771e-05
          53   0.0490307 4.53227e-05
          54   0.0490384 4.51224e-05
          55   0.0490353 4.44042e-05
          56    0.049025 4.47984e-05
          57   0.0490228 4.40646e-05
          58   0.0490294 4.37969e-05
          59   0.0490216 4.37401e-05
          60   0.0490214 4.30115e-05
          61   0.0490176 4.24803e-05
          62   0.0490193  4.1832e-05
          63   0.0490245 4.14864e-05
          64   0.0490267 4.08961e-05
          65   0.0490271 4.02689e-05
          66   0.0490259 3.96774e-05
          67   0.0490196 3.95811e-05
          68   0.0490207 3.90145e-05
          69   0.0490165 3.86718e-05
          70   0.0490173 3.81265e-05
          71   0.0490212 3.77935e-05
          72    0.049017 3.75003e-05
          73   0.0490287 3.87723e-05
          74   0.0490306 3.82959e-05
          75   0.0490371 3.83305e-05
          76   0.0490363 3.78355e-05
          77   0.0490336 3.74387e-05
          78   0.0490331 3.69621e-05
          79   0.0490319 3.65133e-05
          80   0.0490266 3.64426e-05
          81    0.049033 3.65529e-05
          82   0.0490291 3.63198e-05
          83   0.0490313 3.59513e-05
          84   0.0490311 3.55239e-05
          85   0.0490333 3.51716e-05
          86   0.0490298 3.49318e-05
          87   0.0490313 3.45609e-05
          88    0.049026 3.45598e-05
          89   0.0490216 3.44584e-05
          90   0.0490176 3.43002e-05
          91   0.0490207 3.40569e-05
          92   0.0490174 3.38476e-05
          93   0.0490129  3.3776e-05
          94   0.0490067 3.39762e-05
          95   0.0490044 3.36976e-05
          96   0.0490019  3.3438e-05
          97   0.0489966 3.35169e-05
          98   0.0489975 3.31866e-05
          99   0.0489999 3.29436e-05
         100   0.0490034 3.27951e-05
