    0.129266           0           0
    0.193899           0           0
    0.258532           0           0
    0.323165           0           0
    0.387798           0           0
    0.452431           0           0
    0.517064           0           0
    0.581697           0           0
     0.64633           0           0
    0.710963           0           0
    0.775596           0           0
     0.84023           0           0
    0.904863           0           0
    0.969496 0.000740349 7.34221e-05
     1.03413    0.113808 0.000811706
     1.09876    0.835201  0.00237523
     1.16339     1.62291  0.00438188
     1.22803       1.822  0.00447898
     1.29266     1.69741   0.0041375
     1.35729     1.50864    0.002899
     1.42193      1.3456  0.00308627
     1.48656     1.21972  0.00286404
     1.55119     1.12747  0.00221486
     1.61583     1.06166  0.00217265
     1.68046     1.01551  0.00205376
     1.74509    0.988267  0.00185231
     1.80973    0.962227  0.00165503
     1.87436    0.948741  0.00178244
     1.93899    0.939294   0.0015358
     2.00362    0.935636  0.00138051
     2.06826    0.934717  0.00153833
     2.13289    0.935126  0.00135037
     2.19752    0.936762   0.0013519
     2.26216    0.936317  0.00136121
     2.32679    0.936158  0.00131026
     2.39142    0.934536  0.00138275
     2.45606    0.931697   0.0012927
     2.52069    0.930331  0.00111235
     2.58532     0.92801  0.00116285
     2.64995    0.925094  0.00118144
     2.71459    0.923271  0.00114135
     2.77922    0.923874  0.00110808
     2.84385    0.921821   0.0010227
     2.90849    0.921237 0.000999106
     2.97312    0.920761  0.00103296
     3.03775    0.920133  0.00101725
     3.10239    0.920454 0.000958627
     3.16702    0.921415  0.00102772
     3.23165    0.922951 0.000998772
     3.29629    0.920882 0.000832988
     3.36092    0.922327 0.000911629
     3.42555    0.922857 0.000840784
     3.49018     0.92254 0.000837813
     3.55482    0.924449 0.000822439
     3.61945    0.924286 0.000775727
     3.68408    0.923899 0.000781742
     3.74872    0.925636 0.000706838
     3.81335    0.925071  0.00074988
     3.87798    0.927808 0.000806898
     3.94262    0.927128 0.000675459
     4.00725    0.927802 0.000712182
     4.07188     0.92859 0.000789916
     4.13651    0.928772 0.000697145
     4.20115     0.93081 0.000724374
     4.26578    0.929458 0.000689003
     4.33041    0.931914 0.000620056
     4.39505    0.931816 0.000646933
     4.45968    0.933086 0.000595585
     4.52431    0.933061 0.000601601
     4.58895    0.932641 0.000589846
     4.65358     0.93445 0.000608025
     4.71821    0.934918 0.000572177
     4.78285    0.935524 0.000545887
     4.84748    0.934913 0.000584247
     4.91211      0.9371 0.000487209
     4.97674    0.936218 0.000623645
     5.04138     0.93669 0.000582891
     5.10601    0.937111  0.00059195
     5.17064    0.938163 0.000544845
     5.23528    0.938582 0.000460768
     5.29991    0.939602 0.000521482
     5.36454    0.939788 0.000544201
     5.42918    0.941029 0.000515441
     5.49381    0.941082 0.000444841
     5.55844    0.940813 0.000437962
     5.62307    0.942239 0.000492544
     5.68771    0.941733 0.000444226
     5.75234    0.941808 0.000500922
     5.81697     0.94312  0.00046008
     5.88161    0.943994 0.000487095
     5.94624    0.943414 0.000501376
     6.01087    0.944672 0.000468235
     6.07551    0.945119 0.000414081
     6.14014    0.944657 0.000475189
     6.20477    0.945122 0.000447207
      6.2694    0.945668 0.000447128
     6.33404    0.946602 0.000503603
     6.39867    0.946947 0.000465223
      6.4633    0.947327 0.000432742
     6.52794    0.947222  0.00038543
