           1   -0.417266           0
           2   -0.414973  0.00162152
           3   -0.413882  0.00140066
           4   -0.414127  0.00107175
           5    -0.41359  0.00098291
           6   -0.413799 0.000841034
           7   -0.413765 0.000721561
           8   -0.413083 0.000897991
           9   -0.412748 0.000858421
          10   -0.412869 0.000781042
          11   -0.412832 0.000710877
          12   -0.412348 0.000799806
          13   -0.412388 0.000739274
          14     -0.4131 0.000970907
          15   -0.413384 0.000946656
          16   -0.413361 0.000887776
          17   -0.413615 0.000871167
          18   -0.413654 0.000823677
          19   -0.413719 0.000782853
          20   -0.413591 0.000754065
          21   -0.413482 0.000726092
          22   -0.413316  0.00071178
          23   -0.413429 0.000689738
          24   -0.413411 0.000661223
          25   -0.413452 0.000636069
          26   -0.413436 0.000611829
          27   -0.413478 0.000590667
          28   -0.413407 0.000573897
          29   -0.413438 0.000554936
          30   -0.413549 0.000547582
          31   -0.413694 0.000548671
          32    -0.41371 0.000531771
          33    -0.41372 0.000515749
          34    -0.41345 0.000566897
          35   -0.413415 0.000551775
          36   -0.413355 0.000539685
          37   -0.413344 0.000525222
          38   -0.413386 0.000513056
          39   -0.413638 0.000558399
          40   -0.413617 0.000544806
          41     -0.4136 0.000531802
          42   -0.413693 0.000527275
          43    -0.41355 0.000534131
          44   -0.413637 0.000529044
          45    -0.41379 0.000538894
          46   -0.413994   0.0005644
          47   -0.414033 0.000553755
          48    -0.41398  0.00054478
          49   -0.413997 0.000533955
          50   -0.414138 0.000541361
          51   -0.414054 0.000537213
          52   -0.414086 0.000527848
          53    -0.41406 0.000518545
          54   -0.414133 0.000514144
          55   -0.414058 0.000510284
          56   -0.414037 0.000501602
          57    -0.41395 0.000500326
          58   -0.413922 0.000492474
          59   -0.413899 0.000484666
          60   -0.413908 0.000476676
          61   -0.413906 0.000468866
          62   -0.413786 0.000476403
          63   -0.413839 0.000471791
          64    -0.41383 0.000464505
          65   -0.413833 0.000457369
          66   -0.413872 0.000452123
          67    -0.41389 0.000445723
          68   -0.413923  0.00044037
          69   -0.413824 0.000444856
          70   -0.413872 0.000441045
          71   -0.413915 0.000436922
          72   -0.413993 0.000437751
          73   -0.413893 0.000443031
          74   -0.413879 0.000437272
          75   -0.413846 0.000432692
          76   -0.413821 0.000427677
          77   -0.413861 0.000423919
          78   -0.413859 0.000418489
          79   -0.414028 0.000446079
          80   -0.413972 0.000444037
          81   -0.413959 0.000438725
          82   -0.414023 0.000437939
          83   -0.414053  0.00043372
          84   -0.414104 0.000431473
          85   -0.414057 0.000428945
          86      -0.414 0.000427661
          87   -0.414003 0.000422755
          88   -0.414131 0.000436989
          89    -0.41408 0.000435073
          90   -0.414139 0.000434151
          91   -0.414134 0.000429399
          92   -0.414198 0.000429456
          93    -0.41428 0.000432468
          94   -0.414286 0.000427909
          95   -0.414247 0.000425188
          96   -0.414251 0.000420781
          97   -0.414256 0.000416472
          98    -0.41432 0.000417149
          99   -0.414362 0.000414988
         100   -0.414371 0.000410948
