         0.5     79.0264    0.574656
        0.55     59.8531    0.252807
         0.6     44.3829    0.358686
        0.65     32.5781    0.226174
         0.7      24.766    0.174757
        0.75     19.0308    0.103168
         0.8     15.2542    0.120121
        0.85     12.5067    0.071656
         0.9     10.3199   0.0461515
        0.95     8.54241   0.0385803
           1     7.36903    0.029459
        1.05     6.39008   0.0314891
         1.1     5.59637   0.0180664
        1.15     4.94056   0.0155613
         1.2     4.41043   0.0120537
        1.25     3.98143  0.00900181
         1.3     3.56613  0.00790176
        1.35     3.26549  0.00746321
         1.4     2.98576  0.00746099
        1.45     2.73277  0.00659081
         1.5     2.52736   0.0057068
        1.55      2.3458  0.00554286
         1.6     2.18193  0.00580416
        1.65     2.02947  0.00562999
         1.7      1.9082  0.00372637
        1.75     1.79666  0.00418316
         1.8     1.68786  0.00295578
        1.85     1.59182  0.00305823
         1.9     1.50399  0.00302371
        1.95     1.43539  0.00418294
           2     1.36379  0.00175333
        2.05     1.29359  0.00271836
