         0.5   -0.974016 0.000593852
        0.55   -0.955887 0.000292863
         0.6   -0.935204 0.000464713
        0.65   -0.913557 0.000345832
         0.7   -0.892172 0.000291616
        0.75   -0.870118 0.000207738
         0.8    -0.84835 0.000218577
        0.85   -0.826422 0.000241024
         0.9   -0.804427 0.000245767
        0.95   -0.782772 0.000221175
           1   -0.761625 0.000192824
        1.05   -0.740482  0.00016208
         1.1   -0.720605 0.000170768
        1.15   -0.701019 0.000169814
         1.2    -0.68218 0.000156205
        1.25   -0.664236 0.000134415
         1.3   -0.646641 9.27777e-05
        1.35    -0.62982 0.000172341
         1.4   -0.613282 0.000102274
        1.45   -0.597693 0.000181279
         1.5   -0.582763 0.000106813
        1.55    -0.56841 0.000178269
         1.6   -0.554717 0.000149127
        1.65   -0.541402 0.000155789
         1.7   -0.528681 0.000116999
        1.75   -0.516604 8.33541e-05
         1.8   -0.504584 0.000137436
        1.85   -0.493172 0.000140439
         1.9   -0.482518 0.000112007
        1.95   -0.472191 0.000117326
           2   -0.462148 0.000115379
        2.05   -0.452543 0.000118983
