         0.5    0.341439  0.00236039
        0.55    0.396216 0.000633518
         0.6    0.424374 0.000388663
        0.65      0.4275 0.000802733
         0.7    0.436731 0.000492848
        0.75    0.434663 0.000549493
         0.8    0.440073 0.000301497
        0.85    0.440086 0.000350095
         0.9    0.439022 0.000271321
        0.95    0.427098 0.000178558
           1    0.420835 0.000298252
        1.05    0.409773 0.000168754
         1.1    0.397472 0.000139401
        1.15    0.383597 0.000116296
         1.2    0.371169 0.000143105
        1.25    0.358255 0.000110394
         1.3    0.344112 7.88816e-05
        1.35    0.330516 7.58512e-05
         1.4    0.319183 8.36823e-05
        1.45    0.305756 7.86578e-05
         1.5    0.292262 9.13972e-05
        1.55    0.282453 0.000106196
         1.6    0.269803  9.0346e-05
        1.65    0.259711 8.36378e-05
         1.7    0.249401   0.0001155
        1.75    0.239745 2.63884e-05
         1.8    0.229672 6.10973e-05
        1.85    0.220988 7.50215e-05
         1.9    0.212765 4.96699e-05
        1.95    0.204208 5.32146e-05
           2    0.196946 0.000101069
        2.05    0.189364 0.000107066
