         0.5    0.871318  0.00914394
        0.55    0.807946   0.0057078
         0.6    0.684529  0.00617825
        0.65    0.553447  0.00558292
         0.7    0.447242  0.00486553
        0.75    0.355597  0.00477498
         0.8    0.292218  0.00441616
        0.85    0.240208  0.00268314
         0.9    0.196654  0.00266533
        0.95    0.171149  0.00178392
           1      0.1467  0.00136897
        1.05    0.127859  0.00183648
         1.1    0.112838  0.00166261
        1.15   0.0963021  0.00124477
         1.2    0.087371  0.00104157
        1.25   0.0785647 0.000874231
         1.3   0.0718054 0.000937217
        1.35   0.0643998 0.000698809
         1.4   0.0589439 0.000821967
        1.45    0.055047 0.000860664
         1.5   0.0494835 0.000690861
        1.55   0.0471679  0.00064871
         1.6   0.0450994 0.000616817
        1.65   0.0412812 0.000549363
         1.7   0.0368851  0.00050947
        1.75    0.036326 0.000435734
         1.8   0.0342099 0.000647558
        1.85   0.0315671 0.000465768
         1.9    0.030781  0.00052795
        1.95     0.02878 0.000597654
           2   0.0268736 0.000487957
        2.05   0.0256381 0.000391915
