           1     71.4395     71.4395           0
           2     79.1918     75.3157     2.74083
           3     77.9587     76.1967     1.96372
           4     78.7151     76.8263     1.57048
           5     79.7328     77.4076     1.35972
           6     76.5439     77.2636     1.14069
           7     77.8119      77.342    0.980424
           8     83.3852     78.0974     1.11141
           9     76.0799     77.8732     1.01028
          10     79.7384     78.0597    0.926306
          11     82.4195     78.4561    0.923001
          12     81.4639     78.7067    0.879459
          13     77.4408     78.6093    0.817182
          14     77.8996     78.5586    0.760383
          15     79.1364     78.5972    0.710665
          16     78.9726     78.6206    0.666636
          17     79.0635     78.6467    0.627931
          18     80.2293     78.7346     0.59917
          19     82.1271     78.9131    0.593643
          20     81.1775     79.0264    0.574656
           1     61.2626     61.2626           0
           2     60.6217     60.9421    0.226604
           3     60.0212     60.6351    0.292655
           4     60.4104      60.579    0.224819
           5      60.201     60.5034    0.192145
           6     59.4107     60.3213    0.230815
           7     59.4048     60.1903    0.232019
           8     59.4144     60.0933    0.222369
           9     61.0248     60.1968    0.220434
          10      57.789     59.9561    0.302555
          11     59.7948     59.9414    0.275405
          12     61.4378     60.0661    0.279261
          13     61.4584     60.1732    0.277558
          14     58.3403     60.0423    0.286953
          15     58.7232     59.9543    0.280973
          16     59.7275     59.9402     0.26377
          17     61.7858     60.0487    0.269674
          18     59.0893     59.9954    0.259906
          19     58.6997     59.9272    0.255017
          20     58.4449     59.8531    0.252807
           1     45.5191     45.5191           0
           2     48.5152     47.0172      1.0593
           3     43.5766     45.8703     1.17285
           4     43.9989     45.4024    0.968466
           5       44.38     45.1979    0.796071
           6     43.9917     44.9969    0.688312
           7     46.2812     45.1804    0.613945
           8     43.2826     44.9431    0.581229
           9     43.2704     44.7573    0.545555
          10     42.6593     44.5475    0.529804
          11     46.0108     44.6805    0.498061
          12     43.6037     44.5908    0.464569
          13     43.8677     44.5352     0.43215
          14     44.6847     44.5458    0.401414
          15     42.3008     44.3962    0.401587
          16     43.4939     44.3398    0.380427
          17     43.0145     44.2618     0.36595
          18     46.7321     44.3991     0.37046
          19     46.1012     44.4886    0.361631
          20     42.3731     44.3829    0.358686
           1     35.4776     35.4776           0
           2     31.5468     33.5122     1.38977
           3     32.1155     33.0466     1.00146
           4     31.2104     32.5876    0.849819
           5     32.1635     32.5028    0.684075
           6     33.2301      32.624    0.580702
           7     32.1174     32.5516    0.502233
           8     33.3807     32.6553    0.450019
           9     32.3385     32.6201    0.401391
          10     34.1685     32.7749    0.389977
          11     32.4461      32.745    0.355668
          12     31.9245     32.6766    0.332537
          13     32.3805     32.6539    0.307736
          14     33.1187     32.6871    0.287541
          15     31.8175     32.6291    0.274153
          16     31.3846     32.5513    0.267826
          17     32.8278     32.5676    0.252564
          18     32.6331     32.5712    0.238559
          19     31.6363      32.522    0.231022
          20     33.6435     32.5781    0.226174
           1     24.5809     24.5809           0
           2     25.3435     24.9622    0.269641
           3       23.58     24.5015    0.416919
           4     25.6734     24.7945     0.40268
           5     24.0155     24.6387    0.350988
           6     25.2755     24.7448    0.308122
           7     24.8993     24.7669    0.264894
           8     23.7741     24.6428    0.259224
           9     24.1858      24.592    0.235342
          10     25.6136     24.6942    0.232927
          11     23.7738     24.6105    0.226281
          12     25.2477     24.6636    0.213563
          13     25.1605     24.7018    0.200527
          14      24.999      24.723    0.187324
          15     23.5115     24.6423    0.191458
          16     24.1258       24.61    0.182193
          17      24.888     24.6264    0.172208
          18     24.7736     24.6345    0.162835
          19     25.4432     24.6771    0.159731
          20     26.4558      24.766    0.174757
           1     18.9989     18.9989           0
           2     18.6627     18.8308    0.118869
           3     18.3131     18.6582    0.161657
           4     18.6456     18.6551    0.121274
           5     19.4823     18.8205    0.176946
           6      18.341     18.7406    0.164518
           7     19.4895     18.8476    0.172326
           8     19.0579     18.8739    0.152778
           9     19.1103     18.9001    0.138043
          10     19.9828     19.0084      0.1612
          11     18.5302     18.9649    0.152294
          12     19.0273     18.9701    0.139691
          13      19.248     18.9915    0.130571
          14     18.5648      18.961     0.12475
          15     19.5306      18.999    0.122077
          16      19.319      19.019    0.116073
          17     19.1411     19.0262    0.109467
          18     19.3416     19.0437    0.104779
          19      19.493     19.0674    0.101898
          20     18.3353     19.0308    0.103168
           1      15.759      15.759           0
           2     14.9874     15.3732    0.272805
           3     14.4307      15.059    0.314458
           4     15.5114     15.1721    0.255373
           5     15.9168     15.3211    0.243886
           6     15.5934     15.3665    0.207421
           7     14.7167     15.2736    0.197471
           8     14.8263     15.2177    0.180529
           9      14.658     15.1555    0.170847
          10      15.401     15.1801    0.155516
          11     15.7868     15.2352    0.150843
          12     16.1916     15.3149     0.15793
          13     15.2839     15.3125      0.1458
          14     14.6148     15.2627    0.143651
          15     14.8981     15.2384    0.136115
          16     15.2112     15.2367    0.127618
          17     16.2468     15.2961    0.133227
          18      15.278     15.2951     0.12583
          19     15.2979     15.2953    0.119207
          20     14.4734     15.2542    0.120121
           1     12.5783     12.5783           0
           2     12.7754     12.6768   0.0696755
           3     12.7078     12.6872   0.0472105
           4     12.3031     12.5911   0.0903879
           5     12.5397     12.5808   0.0728941
           6     12.8924     12.6328   0.0770543
           7     12.9323     12.6756   0.0770147
           8     12.5636     12.6616   0.0686482
           9     12.4156     12.6342   0.0662381
          10     11.7987     12.5507   0.0991811
          11     12.2864     12.5267   0.0930282
          12      12.621     12.5345   0.0856073
          13      12.401     12.5242   0.0796363
          14     12.6183      12.531   0.0742306
          15     12.6916     12.5417   0.0700502
          16      12.062     12.5117   0.0718013
          17      12.193      12.493   0.0699817
          18     13.1371     12.5287    0.074685
          19     12.5904      12.532   0.0708248
          20     12.0262     12.5067    0.071656
           1     10.5921     10.5921           0
           2     10.3433     10.4677   0.0879622
           3     10.6602     10.5319   0.0786298
           4      10.121     10.4292    0.106723
           5       10.44     10.4313      0.0854
           6     10.1379     10.3824   0.0840114
           7       10.25     10.3635   0.0741076
           8     10.2696     10.3518   0.0657673
           9     10.7219     10.3929   0.0701467
          10     10.5605     10.4097   0.0651039
          11     10.2081     10.3913   0.0617097
          12     10.0586     10.3636   0.0624885
          13     9.97926      10.334   0.0642962
          14     10.2222      10.326    0.060198
          15     10.1385     10.3135   0.0574688
          16     10.3698     10.3171   0.0539843
          17     10.3541     10.3192   0.0508528
          18     10.0634      10.305   0.0499749
          19     10.4172     10.3109   0.0476919
          20     10.4912     10.3199   0.0461515
           1     8.38786     8.38786           0
           2     8.62414       8.506   0.0835392
           3      8.4972     8.50307   0.0557443
           4     8.41844     8.48191    0.045647
           5     8.21831     8.42919   0.0596415
           6     8.61727     8.46054   0.0573505
           7     8.70526      8.4955   0.0588565
           8     8.60744     8.50949   0.0531368
           9     8.69436     8.53003    0.051049
          10     8.29559     8.50659   0.0510443
          11     8.50174     8.50615   0.0464058
          12      8.4873     8.50458   0.0425652
          13     8.67716     8.51785   0.0413094
          14      8.7861     8.53701   0.0425711
          15      8.8657     8.55892   0.0450206
          16     8.27064     8.54091   0.0456703
          17     8.39761     8.53248   0.0437548
          18     8.46296     8.52862    0.041494
          19     8.62624     8.53375    0.039627
          20     8.70695     8.54241   0.0385803
           1     7.33425     7.33425           0
           2     7.34707     7.34066  0.00453086
           3     7.50104     7.39412   0.0437542
           4     7.18675     7.34228   0.0556111
           5     7.63443     7.40071   0.0686335
           6     7.54136     7.42415   0.0610669
           7     7.28675     7.40452   0.0554082
           8     7.36127     7.39912   0.0487453
           9     7.33768     7.39229   0.0438045
          10     7.27234     7.38029   0.0410335
          11     7.30721     7.37365   0.0378372
          12     7.59189     7.39184   0.0388094
          13     7.40934     7.39318   0.0358474
          14     7.33452     7.38899   0.0335309
          15     7.37064     7.38777   0.0313178
          16     7.31135     7.38299   0.0297224
          17     7.22198     7.37352   0.0294444
          18     7.42929     7.37662   0.0279712
          19     7.09668     7.36189   0.0301307
          20     7.50478     7.36903    0.029459
           1     6.33864     6.33864           0
           2     6.58558     6.46211   0.0873065
           3     6.33183     6.41868   0.0681549
           4     6.25284     6.37722   0.0624673
           5     6.57263      6.4163   0.0609863
           6     6.67035     6.45865   0.0638503
           7     6.32091     6.43897   0.0576812
           8     6.43317     6.43824   0.0504756
           9     6.23411     6.41556   0.0497026
          10     6.50888      6.4249      0.0456
          11     6.20478     6.40488   0.0456345
          12     6.30684     6.39671   0.0425568
          13     6.24729     6.38522   0.0408058
          14     6.44861     6.38975   0.0381415
          15     6.14423     6.37338   0.0389527
          16     6.40354     6.37526   0.0365637
          17     6.51296     6.38336   0.0352986
          18     6.56718     6.39358   0.0347834
          19     6.32381      6.3899   0.0331459
          20     6.39337     6.39008   0.0314891
           1     5.64321     5.64321           0
           2     5.70088     5.67204   0.0203922
           3      5.5492      5.6311   0.0360925
           4     5.61896     5.62806   0.0271967
           5     5.49883     5.60221   0.0317465
           6     5.44735      5.5764   0.0354263
           7     5.70886     5.59533   0.0350565
           8     5.64489     5.60152   0.0312172
           9       5.647     5.60658   0.0281546
          10     5.59249     5.60517   0.0253743
          11     5.55692     5.60078   0.0234436
          12     5.61227     5.60174   0.0215095
          13     5.38338     5.58494   0.0255859
          14     5.57943     5.58455   0.0237613
          15     5.68284      5.5911   0.0230631
          16     5.59482     5.59133   0.0216229
          17     5.62823      5.5935   0.0204596
          18     5.62334     5.59516   0.0193899
          19     5.67236     5.59922   0.0187902
          20     5.54211     5.59637   0.0180664
           1     4.87456     4.87456           0
           2     4.97272     4.92364   0.0347058
           3     5.00309     4.95013   0.0316689
           4     4.94822     4.94965   0.0237552
           5     5.05041      4.9698   0.0261925
           6     4.94169     4.96512   0.0222423
           7     4.94808     4.96268   0.0191976
           8     4.94666     4.96068    0.016902
           9     4.98788      4.9637   0.0152918
          10     4.85123     4.95245   0.0174142
          11     4.83169     4.94148    0.018979
          12     4.85159     4.93398   0.0188176
          13     4.84439     4.92709   0.0185894
          14     5.06493     4.93694   0.0196971
          15     4.86115     4.93189   0.0190209
          16     4.94166      4.9325   0.0178419
          17     4.98139     4.93537   0.0170226
          18     5.00243      4.9391   0.0164795
          19     5.01888      4.9433   0.0161383
          20     4.88861     4.94056   0.0155613
           1     4.47447     4.47447           0
           2     4.27981     4.37714   0.0688213
           3      4.4216     4.39196   0.0474497
           4     4.47509     4.41274   0.0398802
           5     4.50186     4.43057   0.0356657
           6     4.45077     4.43393   0.0298799
           7     4.36351     4.42387   0.0272524
           8     4.38641     4.41919   0.0242449
           9     4.36901     4.41361   0.0221828
          10     4.46255     4.41851   0.0204971
          11     4.47296     4.42346   0.0192221
          12     4.44243     4.42504   0.0176852
          13      4.3618     4.42017   0.0169805
          14     4.43548     4.42127   0.0158028
          15     4.36456     4.41749   0.0151947
          16     4.38006     4.41515   0.0144239
          17     4.43749     4.41646   0.0136352
          18     4.36798     4.41377    0.013141
          19     4.37135     4.41154   0.0126376
          20     4.38948     4.41043   0.0120537
           1     4.00208     4.00208           0
           2     3.90378     3.95293   0.0347548
           3      4.0024     3.96942   0.0267973
           4     4.01941     3.98192   0.0228269
           5     4.00829     3.98719   0.0188611
           6     3.99193     3.98798   0.0157342
           7     3.99077     3.98838   0.0134915
           8     3.95636     3.98438   0.0123844
           9     4.00184     3.98632   0.0111594
          10     3.98686     3.98637   0.0100436
          11      3.9758     3.98541  0.00917635
          12     4.01392     3.98779  0.00871369
          13     3.94362     3.98439  0.00868037
          14     4.01104     3.98629  0.00826636
          15     4.01515     3.98822  0.00793593
          16     4.03212     3.99096  0.00790013
          17       3.968     3.98961     0.00755
          18     3.97325      3.9887  0.00718505
          19     3.97146     3.98779  0.00686398
          20     3.86045     3.98143  0.00900181
           1     3.63089     3.63089           0
           2     3.48338     3.55713   0.0521521
           3     3.52036     3.54487   0.0361801
           4     3.55585     3.54762    0.027239
           5     3.55287     3.54867   0.0218114
           6     3.54044      3.5473   0.0182193
           7     3.58365     3.55249     0.01634
           8     3.60716     3.55933   0.0156615
           9      3.5746     3.56102   0.0140129
          10     3.54981      3.5599   0.0126564
          11     3.58619     3.56229   0.0117293
          12     3.56041     3.56214   0.0107529
          13     3.63835       3.568   0.0114127
          14     3.54102     3.56607    0.010759
          15     3.59202      3.5678   0.0101799
          16     3.59325     3.56939  0.00966711
          17     3.56439      3.5691  0.00910293
          18     3.55108      3.5681  0.00865206
          19      3.5517     3.56723   0.0082396
          20     3.54508     3.56613  0.00790176
           1     3.20015     3.20015           0
           2     3.33654     3.26835    0.048218
           3     3.26651     3.26773   0.0321492
           4     3.23029     3.25837   0.0254381
           5     3.26661     3.26002   0.0204037
           6     3.25704     3.25952   0.0170091
           7     3.32507     3.26889   0.0169619
           8     3.25414     3.26704   0.0149415
           9     3.27154     3.26754   0.0132897
          10     3.24944     3.26573   0.0120833
          11     3.23719     3.26314     0.01126
          12     3.24818     3.26189   0.0103905
          13     3.25424      3.2613  0.00960786
          14     3.29931     3.26402  0.00929726
          15     3.31037     3.26711  0.00917651
          16     3.28214     3.26805   0.0086509
          17     3.21315     3.26482  0.00872396
          18     3.28058     3.26569  0.00828315
          19     3.26828     3.26583  0.00784831
          20     3.25905     3.26549  0.00746321
           1     2.97119     2.97119           0
           2     2.98275     2.97697  0.00408728
           3     3.00914     2.98769  0.00917022
           4     3.01221     2.99382  0.00868705
           5     2.99524     2.99411  0.00695429
           6     2.98495     2.99258  0.00596024
           7     2.91807     2.98194   0.0111007
           8     2.99891     2.98406  0.00991377
           9      2.9302     2.97807   0.0104637
          10     3.01175     2.98144  0.00994449
          11     3.03989     2.98675   0.0103631
          12       2.986     2.98669  0.00949966
          13     2.98308     2.98641  0.00877298
          14     2.91906      2.9816  0.00937296
          15     3.02867     2.98474  0.00925848
          16     2.96404     2.98345   0.0087698
          17     2.97991     2.98324   0.0082564
          18     3.03176     2.98593  0.00822601
          19     2.97118     2.98516  0.00782963
          20     2.99713     2.98576  0.00746099
           1     2.73904     2.73904           0
           2     2.73071     2.73488  0.00294703
           3     2.70369     2.72448  0.00871223
           4     2.73647     2.72748   0.0070308
           5     2.72164     2.72631   0.0057209
           6     2.73375     2.72755  0.00489998
           7     2.74942     2.73067  0.00510004
           8     2.72346     2.72977  0.00454166
           9     2.67061      2.7232  0.00739609
          10     2.70179     2.72106  0.00695955
          11     2.80447     2.72864  0.00960739
          12     2.74795     2.73025  0.00894054
          13     2.74757     2.73158  0.00835152
          14     2.71878     2.73067  0.00780486
          15     2.75993     2.73262  0.00752445
          16     2.74119     2.73315  0.00707322
          17     2.71668     2.73219  0.00672321
          18     2.78451     2.73509  0.00694978
          19     2.69243     2.73285  0.00693729
          20     2.73137     2.73277  0.00659081
           1     2.54324     2.54324           0
           2     2.52575      2.5345  0.00618445
           3     2.52655     2.53185  0.00465629
           4     2.52761     2.53079  0.00361047
           5     2.52712     2.53006  0.00296183
           6     2.53685     2.53119  0.00267564
           7     2.55167     2.53411    0.003549
           8     2.57306     2.53898  0.00551232
           9      2.5177     2.53662  0.00538317
          10     2.52763     2.53572  0.00491923
          11     2.56681     2.53855  0.00522126
          12     2.48814     2.53435  0.00625127
          13     2.47174     2.52953  0.00739621
          14     2.50074     2.52747  0.00714803
          15     2.54743      2.5288  0.00679416
          16     2.52226     2.52839  0.00638181
          17     2.51184     2.52742  0.00608024
          18     2.50275     2.52605  0.00589486
          19     2.51212     2.52532     0.00563
          20     2.56616     2.52736   0.0057068
           1      2.3046      2.3046           0
           2     2.37671     2.34065   0.0254962
           3     2.33091     2.33741   0.0172029
           4     2.32973     2.33549   0.0130089
           5     2.33184     2.33476   0.0104276
           6      2.3416      2.3359  0.00875183
           7     2.31369     2.33273  0.00805586
           8      2.3638     2.33661  0.00793047
           9     2.32152     2.33493  0.00722429
          10     2.40117     2.34156  0.00904203
          11     2.31666     2.33929  0.00849861
          12     2.37307     2.34211  0.00824336
          13      2.3106     2.33969  0.00795772
          14     2.35675      2.3409  0.00748213
          15     2.34703     2.34131  0.00699445
          16     2.36241     2.34263  0.00668046
          17     2.35798     2.34353  0.00634821
          18     2.35651     2.34426  0.00603633
          19     2.36483     2.34534  0.00581495
          20     2.35466      2.3458  0.00554286
           1     2.15125     2.15125           0
           2     2.21382     2.18254   0.0221199
           3     2.14552      2.1702    0.017859
           4     2.19647     2.17677   0.0145524
           5     2.18466     2.17835   0.0117273
           6     2.19003     2.18029   0.0099331
           7      2.2279     2.18709   0.0105891
           8     2.19922     2.18861  0.00937327
           9     2.21073     2.19107  0.00864803
          10     2.13751     2.18571  0.00929483
          11     2.17756     2.18497  0.00847934
          12     2.17435     2.18408  0.00781881
          13     2.18747     2.18434  0.00722169
          14     2.13153     2.18057  0.00762776
          15     2.18436     2.18082  0.00712341
          16     2.20581     2.18239   0.0068472
          17     2.15041      2.1805   0.0066978
          18     2.17658     2.18029  0.00632924
          19     2.19446     2.18103  0.00603989
          20     2.19898     2.18193  0.00580416
           1     1.98357     1.98357           0
           2     2.01135     1.99746  0.00982253
           3     2.03143     2.00878   0.0113297
           4     2.03449     2.01521   0.0101573
           5     2.04319     2.02081  0.00954391
           6     2.03827     2.02372  0.00838533
           7     2.07345     2.03082  0.00974285
           8     2.04978     2.03319  0.00880853
           9     2.04664     2.03468  0.00795556
          10     2.07512     2.03873  0.00812263
          11     2.00283     2.03546  0.00801287
          12     2.00053     2.03255  0.00785623
          13     2.00776     2.03065  0.00747981
          14     1.99206     2.02789  0.00743612
          15      2.0576     2.02987  0.00719927
          16     2.00808     2.02851  0.00687687
          17      2.0495     2.02974  0.00658231
          18     2.03616      2.0301  0.00622627
          19     2.01895     2.02951  0.00592616
          20     2.02872     2.02947  0.00562999
           1     1.91413     1.91413           0
           2     1.91968      1.9169  0.00195993
           3     1.92123     1.91834  0.00175843
           4     1.90824     1.91582  0.00255495
           5     1.93798     1.92025  0.00445994
           6     1.88583     1.91451  0.00642151
           7     1.92096     1.91544  0.00556989
           8     1.90869     1.91459  0.00493697
           9     1.91448     1.91458  0.00438843
          10     1.90125     1.91325  0.00414708
          11     1.89349     1.91145  0.00414084
          12     1.92297     1.91241  0.00390543
          13     1.92442     1.91333  0.00371259
          14     1.89042      1.9117  0.00379121
          15     1.87969     1.90956  0.00409526
          16     1.92974     1.91082   0.0040288
          17     1.89742     1.91004  0.00386825
          18     1.87586     1.90814  0.00409277
          19     1.91673     1.90859  0.00390224
          20     1.90083      1.9082  0.00372637
           1     1.79565     1.79565           0
           2     1.76412     1.77989   0.0111464
           3     1.79759     1.78579  0.00885676
           4     1.74505      1.7756   0.0110425
           5      1.7982     1.78012  0.00971495
           6     1.78926     1.78165  0.00821431
           7     1.81925     1.78702  0.00862023
           8      1.7742     1.78542  0.00769003
           9      1.7786     1.78466  0.00687277
          10     1.82508      1.7887   0.0072779
          11     1.81025     1.79066  0.00687497
          12     1.80647     1.79198  0.00642702
          13     1.80395      1.7929   0.0059982
          14      1.8109     1.79418  0.00570595
          15     1.81625     1.79565  0.00551186
          16     1.80756      1.7964  0.00521733
          17     1.80076     1.79666  0.00491674
          18     1.79753      1.7967  0.00464383
          19     1.79383     1.79655  0.00440187
          20     1.79876     1.79666  0.00418316
           1     1.69771     1.69771           0
           2     1.68365     1.69068  0.00497049
           3     1.68931     1.69023  0.00333467
           4     1.66637     1.68426  0.00573777
           5     1.69976     1.68736  0.00536194
           6     1.69132     1.68802  0.00450875
           7     1.68634     1.68778  0.00387103
           8     1.70478     1.68991   0.0039272
           9     1.69927     1.69095  0.00362603
          10     1.69499     1.69135  0.00328587
          11     1.70993     1.69304   0.0033936
          12     1.67316     1.69138  0.00349195
          13     1.67365     1.69002  0.00347949
          14      1.6945     1.69034  0.00324565
          15     1.70584     1.69137  0.00318952
          16     1.67271     1.69021  0.00319634
          17      1.6705     1.68905  0.00321174
          18     1.66637     1.68779  0.00327102
          19     1.68483     1.68763  0.00310255
          20     1.69219     1.68786  0.00295578
           1     1.59016     1.59016           0
           2     1.57139     1.58078  0.00663732
           3     1.57975     1.58043  0.00443363
           4     1.58416     1.58137  0.00342187
           5     1.58514     1.58212  0.00281952
           6     1.58957     1.58336  0.00260855
           7      1.6062     1.58663  0.00375759
           8      1.5935     1.58748  0.00338481
           9     1.58485     1.58719  0.00302134
          10     1.59021     1.58749  0.00273429
          11     1.59211     1.58791   0.0025177
          12     1.60724     1.58952  0.00277566
          13     1.61055     1.59114  0.00299648
          14     1.62119     1.59329  0.00346707
          15     1.58671     1.59285  0.00326354
          16     1.58385     1.59229  0.00310768
          17     1.61132     1.59341  0.00311995
          18      1.5818     1.59276  0.00301246
          19     1.60132     1.59321  0.00288735
          20     1.56546     1.59182  0.00305823
           1     1.48916     1.48916           0
           2      1.5088     1.49898  0.00694245
           3     1.50475      1.5009  0.00488736
           4     1.50904     1.50294   0.0040672
           5     1.51851     1.50605  0.00428354
           6     1.50064     1.50515  0.00366351
           7     1.52545     1.50805  0.00413182
           8     1.48939     1.50572  0.00422286
           9     1.53203     1.50864  0.00465684
          10     1.51804     1.50958  0.00428487
          11     1.51535     1.51011  0.00392728
          12     1.49242     1.50863  0.00386664
          13      1.4863     1.50691  0.00393233
          14     1.48664     1.50547  0.00390909
          15     1.50978     1.50575  0.00365903
          16     1.49101     1.50483  0.00354453
          17     1.50407     1.50479  0.00333631
          18     1.51236     1.50521  0.00317739
          19     1.50069     1.50497  0.00301903
          20     1.48532     1.50399  0.00302371
           1     1.41377     1.41377           0
           2     1.41819     1.41598   0.0015626
           3     1.44763     1.42653  0.00867798
           4     1.43493     1.42863  0.00675788
           5     1.42913     1.42873  0.00540705
           6     1.44694     1.43176  0.00528976
           7     1.43574     1.43233  0.00456442
           8     1.42668     1.43163  0.00404807
           9     1.40188     1.42832  0.00476012
          10     1.47421     1.43291  0.00610769
          11      1.4539     1.43482  0.00584286
          12      1.4483     1.43594   0.0054629
          13     1.44169     1.43638  0.00506053
          14     1.41591     1.43492  0.00490582
          15     1.44922     1.43587  0.00467045
          16     1.43764     1.43598  0.00437986
          17     1.40729      1.4343  0.00443553
          18     1.41396     1.43317  0.00433058
          19     1.45924     1.43454  0.00431454
          20     1.45167     1.43539  0.00418294
           1     1.35453     1.35453           0
           2     1.35627      1.3554 0.000614617
           3     1.36077     1.35719  0.00151767
           4     1.36632     1.35947  0.00228083
           5      1.3532     1.35822  0.00214227
           6      1.3677      1.3598  0.00229547
           7     1.37673     1.36222  0.00298034
           8     1.35013     1.36071   0.0029664
           9     1.36787      1.3615   0.0027415
          10     1.36286     1.36164  0.00247071
          11     1.37798     1.36312  0.00265528
          12     1.36222     1.36305  0.00243506
          13     1.37698     1.36412  0.00247249
          14      1.3599     1.36382  0.00231421
          15     1.36039     1.36359  0.00217121
          16     1.36535      1.3637   0.0020383
          17     1.36444     1.36374  0.00191887
          18     1.37123     1.36416  0.00185685
          19     1.36702     1.36431  0.00176522
          20     1.35381     1.36379  0.00175333
           1     1.28247     1.28247           0
           2     1.30538     1.29393   0.0080973
           3     1.29944     1.29576  0.00560299
           4     1.26357     1.28772  0.00813972
           5      1.3015     1.29047  0.00696286
           6     1.30074     1.29218  0.00600906
           7     1.26669     1.28854  0.00615591
           8      1.2918     1.28895  0.00539985
           9     1.27857      1.2878  0.00492137
          10     1.30298     1.28931  0.00465752
          11     1.30319     1.29058  0.00440168
          12     1.29881     1.29126  0.00408797
          13     1.29773     1.29176  0.00380364
          14     1.30854     1.29296  0.00371598
          15     1.28678     1.29255  0.00349101
          16     1.29238     1.29254  0.00327283
          17     1.29422     1.29263  0.00308181
          18      1.3028      1.2932  0.00296186
          19     1.29055     1.29306  0.00280925
          20     1.30366     1.29359  0.00271836
