           1    0.376904    0.376904           0
           2    0.357974    0.367439  0.00669283
           3    0.351809    0.362229  0.00616479
           4    0.347787    0.358619  0.00558158
           5     0.34311    0.355517  0.00525692
           6     0.34495    0.353756  0.00466646
           7    0.342978    0.352216  0.00424625
           8    0.338916    0.350554  0.00402779
           9    0.340914    0.349483  0.00371996
          10    0.340317    0.348566  0.00345903
          11    0.336545    0.347473  0.00331271
          12    0.333942    0.346346  0.00322286
          13    0.334904    0.345465   0.0030928
          14    0.335502    0.344754  0.00295262
          15    0.334677    0.344082  0.00283117
          16    0.334736    0.343498  0.00271381
          17    0.334301    0.342957  0.00260755
          18    0.333994    0.342459  0.00250978
          19    0.332834    0.341952  0.00242827
          20    0.331695    0.341439  0.00236039
           1    0.386602    0.386602           0
           2    0.390242    0.388422  0.00128705
           3    0.394283    0.390376  0.00181132
           4    0.397458    0.392146  0.00204852
           5    0.396588    0.393035  0.00182132
           6    0.398178    0.393892  0.00170764
           7    0.399215    0.394652  0.00162418
           8    0.398686    0.395157  0.00149738
           9    0.397282    0.395393  0.00134951
          10    0.397459    0.395599  0.00123027
          11    0.397301    0.395754  0.00112811
          12    0.396626    0.395827  0.00103644
          13     0.39648    0.395877 0.000957932
          14    0.396974    0.395955 0.000892705
          15    0.396161    0.395969 0.000833296
          16    0.396912    0.396028 0.000783295
          17     0.39721    0.396097 0.000740299
          18    0.397501    0.396175 0.000703267
          19    0.396562    0.396196 0.000666548
          20    0.396594    0.396216 0.000633518
           1     0.42363     0.42363           0
           2    0.429626    0.426628  0.00211981
           3    0.428539    0.427265  0.00150589
           4    0.425248    0.426761  0.00121091
           5    0.425058     0.42642  0.00101551
           6    0.425031    0.426189 0.000872244
           7     0.42457    0.425957 0.000777682
           8    0.424833    0.425817 0.000693055
           9    0.422979    0.425501 0.000684021
          10    0.423291     0.42528 0.000650348
          11     0.42306    0.425079 0.000621751
          12    0.423207    0.424923 0.000589181
          13    0.422829    0.424762 0.000565452
          14    0.423236    0.424653 0.000535459
          15     0.42422    0.424624 0.000500539
          16    0.423826    0.424574 0.000471734
          17    0.423341    0.424501 0.000449527
          18    0.423456    0.424443  0.00042829
          19    0.424015    0.424421 0.000406341
          20    0.423493    0.424374 0.000388663
           1     0.43807     0.43807           0
           2    0.437297    0.437684 0.000273314
           3    0.427518    0.434295  0.00277265
           4    0.426498    0.432346  0.00267851
           5    0.427932    0.431463  0.00228365
           6    0.427115    0.430738  0.00201477
           7    0.423934    0.429766  0.00194736
           8    0.424168    0.429067  0.00182536
           9    0.423909    0.428494  0.00171012
          10    0.424986    0.428143  0.00157467
          11    0.426484    0.427992  0.00143873
          12    0.426626    0.427878  0.00132333
          13    0.426958    0.427807  0.00122343
          14    0.427432    0.427781  0.00113633
          15    0.427066    0.427733  0.00106157
          16    0.426642    0.427665 0.000997411
          17    0.426243    0.427581 0.000942241
          18    0.426606    0.427527  0.00089145
          19    0.426988    0.427499 0.000844982
          20    0.427519      0.4275 0.000802733
           1    0.443298    0.443298           0
           2     0.44167    0.442484 0.000575582
           3    0.438589    0.441186  0.00112729
           4    0.439327    0.440721 0.000936409
           5      0.4361    0.439797  0.00111557
           6    0.435147    0.439022  0.00116824
           7    0.436668    0.438686  0.00104863
           8    0.435738    0.438317 0.000980158
           9    0.436143    0.438076 0.000900524
          10    0.436039    0.437872 0.000833181
          11    0.435717    0.437676 0.000780134
          12    0.436148    0.437549 0.000725436
          13    0.436413    0.437461 0.000674871
          14    0.435863    0.437347 0.000636245
          15    0.435189    0.437203 0.000609872
          16    0.435213    0.437079 0.000584309
          17    0.435091    0.436962 0.000561512
          18    0.435453    0.436878 0.000536535
          19    0.435406    0.436801 0.000513858
          20     0.43541    0.436731 0.000492848
           1    0.439479    0.439479           0
           2    0.432233    0.435856  0.00256181
           3     0.42904    0.433584  0.00252169
           4    0.430796    0.432887  0.00198524
           5    0.434707    0.433251  0.00162122
           6    0.432977    0.433206  0.00135166
           7    0.432451    0.433098  0.00116286
           8    0.432601    0.433036  0.00101916
           9    0.433242    0.433059 0.000906178
          10    0.434321    0.433185 0.000824304
          11    0.434178    0.433275 0.000754295
          12    0.434496    0.433377  0.00069827
          13    0.435932    0.433573 0.000671658
          14    0.436132    0.433756 0.000648064
          15      0.4367    0.433952 0.000633889
          16    0.436904    0.434137 0.000620526
          17     0.43663    0.434283 0.000601105
          18    0.436812    0.434424 0.000583899
          19    0.436936    0.434556 0.000567933
          20    0.436693    0.434663 0.000549493
           1    0.443353    0.443353           0
           2     0.44218    0.442766 0.000414796
           3    0.438299    0.441277  0.00124685
           4    0.437729     0.44039  0.00121021
           5    0.439824    0.440277  0.00097346
           6    0.440337    0.440287 0.000811269
           7    0.439374    0.440157 0.000705778
           8    0.438543    0.439955 0.000645723
           9    0.438254    0.439766 0.000600998
          10    0.438731    0.439663  0.00054973
          11    0.439275    0.439627 0.000500884
          12    0.440313    0.439684 0.000462391
          13     0.44084    0.439773 0.000435284
          14     0.44043     0.43982 0.000406714
          15    0.440417     0.43986 0.000381539
          16    0.440641    0.439909   0.0003608
          17    0.441279    0.439989 0.000348464
          18    0.441052    0.440048 0.000334065
          19     0.44051    0.440073 0.000317364
          20    0.440087    0.440073 0.000301497
           1    0.437129    0.437129           0
           2    0.436319    0.436724 0.000286675
           3    0.440239    0.437896 0.000975557
           4    0.439712     0.43835  0.00083062
           5    0.438019    0.438284 0.000667127
           6    0.438233    0.438275 0.000555993
           7     0.43951    0.438452 0.000503796
           8    0.439536    0.438587 0.000458697
           9     0.43972    0.438713 0.000424652
          10    0.440287     0.43887 0.000410328
          11    0.440245    0.438995 0.000391596
          12    0.441003    0.439163 0.000393084
          13    0.441852     0.43937 0.000413703
          14    0.442235    0.439574 0.000431818
          15     0.44171    0.439717 0.000425853
          16     0.44107    0.439801 0.000407555
          17    0.441111    0.439878 0.000390797
          18    0.441268    0.439955 0.000376636
          19    0.441233    0.440023 0.000362765
          20    0.441287    0.440086 0.000350095
           1    0.441074    0.441074           0
           2    0.440964    0.441019 3.90398e-05
           3    0.441297    0.441112 7.99808e-05
           4    0.441318    0.441163 7.47275e-05
           5    0.439957    0.440922 0.000223966
           6    0.439505    0.440686   0.0002851
           7    0.438298    0.440345 0.000399339
           8    0.438236    0.440081 0.000427643
           9    0.438468    0.439902 0.000415995
          10    0.439315    0.439843 0.000378511
          11    0.439016    0.439768 0.000351488
          12    0.438838     0.43969 0.000330639
          13    0.438429    0.439593 0.000319135
          14      0.4382    0.439494  0.00031148
          15    0.437812    0.439382 0.000310246
          16    0.437921     0.43929 0.000303994
          17    0.438013    0.439215 0.000295256
          18    0.437847    0.439139 0.000288472
          19    0.437995    0.439079 0.000279506
          20    0.437935    0.439022 0.000271321
           1    0.427076    0.427076           0
           2    0.428468    0.427772  0.00049208
           3    0.427175    0.427573 0.000366081
           4    0.425778    0.427124 0.000475927
           5     0.42566    0.426831 0.000462149
           6    0.425659    0.426636 0.000424421
           7    0.425818    0.426519 0.000379529
           8     0.42657    0.426526  0.00033214
           9    0.426855    0.426562  0.00029725
          10    0.426916    0.426598  0.00026962
          11    0.427415    0.426672  0.00025514
          12    0.427352    0.426728 0.000240088
          13    0.427513    0.426789 0.000229084
          14    0.427447    0.426836 0.000217496
          15    0.427779    0.426899 0.000211883
          16    0.427562     0.42694 0.000202653
          17    0.427478    0.426972 0.000193188
          18    0.427554    0.427004 0.000185139
          19    0.427774    0.427045 0.000179769
          20    0.428114    0.427098 0.000178558
           1    0.421906    0.421906           0
           2    0.422141    0.422024 8.29845e-05
           3    0.423444    0.422497 0.000390491
           4    0.422293    0.422446 0.000296185
           5    0.422402    0.422437 0.000237079
           6    0.423215    0.422567  0.00023025
           7    0.421954    0.422479 0.000213352
           8    0.421046      0.4223 0.000250885
           9    0.420715    0.422124 0.000278018
          10    0.419929    0.421905 0.000325559
          11     0.42008    0.421739  0.00033556
          12    0.420506    0.421636 0.000322929
          13    0.420546    0.421552 0.000308775
          14     0.42002    0.421443 0.000305506
          15     0.41951    0.421314 0.000311136
          16    0.419359    0.421192 0.000314766
          17    0.419342    0.421083 0.000314489
          18    0.419522    0.420996 0.000308744
          19    0.419319    0.420908 0.000304849
          20    0.419445    0.420835 0.000298252
           1    0.412447    0.412447           0
           2    0.409668    0.411057 0.000982358
           3    0.408879    0.410331 0.000883421
           4    0.409282    0.410069 0.000700441
           5    0.410276     0.41011 0.000561574
           6    0.410171     0.41012 0.000468069
           7     0.41035    0.410153 0.000402347
           8    0.410657    0.410216 0.000356949
           9    0.409774    0.410167 0.000320644
          10    0.409309    0.410081 0.000299838
          11    0.409768    0.410053 0.000273931
          12    0.409621    0.410017 0.000253459
          13    0.409407     0.40997 0.000238257
          14    0.409656    0.409947 0.000222289
          15    0.409574    0.409923 0.000208857
          16    0.409638    0.409905  0.00019656
          17    0.409505    0.409881 0.000186401
          18    0.409263    0.409847 0.000179184
          19    0.409136    0.409809 0.000173613
          20    0.409077    0.409773 0.000168754
           1    0.398958    0.398958           0
           2    0.398806    0.398882 5.38113e-05
           3    0.397802    0.398522 0.000296197
           4    0.397427    0.398248 0.000324953
           5    0.397509    0.398101 0.000291674
           6    0.397072    0.397929 0.000289053
           7    0.397227    0.397829 0.000264578
           8    0.397619    0.397803 0.000232809
           9    0.398272    0.397855 0.000212699
          10    0.398245    0.397894 0.000194981
          11    0.397491    0.397857  0.00018066
          12    0.397185    0.397801 0.000174069
          13    0.397144    0.397751 0.000167849
          14    0.397166    0.397709 0.000160976
          15    0.397039    0.397664 0.000156314
          16    0.396998    0.397623 0.000151986
          17    0.396746    0.397571 0.000151538
          18    0.396824     0.39753 0.000148691
          19    0.396889    0.397496 0.000144641
          20    0.397014    0.397472 0.000139401
           1    0.382441    0.382441           0
           2    0.383618    0.383029 0.000415987
           3    0.383785    0.383281  0.00034527
           4    0.382718     0.38314 0.000286202
           5    0.382684    0.383049 0.000243091
           6    0.383252    0.383083 0.000204914
           7     0.38318    0.383097 0.000176106
           8    0.383417    0.383137 0.000158579
           9    0.383363    0.383162  0.00014293
          10    0.383501    0.383196 0.000132593
          11     0.38386    0.383256 0.000133582
          12    0.383713    0.383294 0.000127767
          13    0.383676    0.383324 0.000121276
          14     0.38379    0.383357 0.000117105
          15    0.384096    0.383406 0.000119205
          16    0.384121    0.383451 0.000119827
          17    0.384237    0.383497 0.000121365
          18    0.384072    0.383529 0.000118746
          19    0.384231    0.383566 0.000118111
          20    0.384193    0.383597 0.000116296
           1    0.368619    0.368619           0
           2     0.37041    0.369514 0.000633237
           3    0.371224    0.370084 0.000628326
           4    0.371837    0.370523  0.00060503
           5    0.371434    0.370705 0.000510762
           6     0.37144    0.370827 0.000440088
           7     0.37161    0.370939 0.000391151
           8    0.371349    0.370991   0.0003456
           9    0.371382    0.371034 0.000309928
          10    0.371181    0.371049 0.000279283
          11    0.371277    0.371069 0.000254664
          12    0.371515    0.371107 0.000236138
          13    0.371312    0.371122 0.000218502
          14    0.371418    0.371144 0.000203915
          15    0.371269    0.371152 0.000190493
          16    0.371231    0.371157  0.00017865
          17     0.37113    0.371155 0.000168148
          18    0.371249    0.371161 0.000158887
          19    0.371257    0.371166 0.000150605
          20    0.371226    0.371169 0.000143105
           1    0.359878    0.359878           0
           2    0.358872    0.359375 0.000355616
           3    0.357858    0.358869 0.000476182
           4    0.357663    0.358568 0.000442486
           5    0.358693    0.358593   0.0003547
           6    0.358658    0.358603 0.000295748
           7     0.35838    0.358571 0.000255222
           8     0.35834    0.358543 0.000224952
           9    0.358228    0.358508 0.000202647
          10    0.358093    0.358466 0.000186568
          11    0.358076    0.358431 0.000172943
          12    0.358305     0.35842 0.000158849
          13    0.358413     0.35842 0.000146631
          14    0.358308    0.358412 0.000136376
          15    0.358026    0.358386 0.000129686
          16    0.358041    0.358365 0.000123355
          17    0.357929    0.358339 0.000118735
          18    0.357777    0.358308 0.000116164
          19    0.357805    0.358281 0.000113025
          20    0.357755    0.358255 0.000110394
           1    0.343896    0.343896           0
           2     0.34464    0.344268 0.000262917
           3    0.343675     0.34407 0.000238368
           4    0.343443    0.343914 0.000224509
           5      0.3445    0.344031 0.000208007
           6    0.344751    0.344151 0.000205039
           7    0.344634     0.34422 0.000186984
           8    0.344506    0.344256 0.000167005
           9    0.344226    0.344252 0.000148482
          10    0.344432     0.34427 0.000134714
          11    0.344153     0.34426 0.000122886
          12    0.343874    0.344228 0.000116774
          13    0.344107    0.344218 0.000108158
          14    0.344083    0.344209 0.000100865
          15    0.344011    0.344195 9.49952e-05
          16    0.343966    0.344181 9.01341e-05
          17    0.343815     0.34416 8.73689e-05
          18    0.343766    0.344138 8.52024e-05
          19    0.343961    0.344128  8.1225e-05
          20    0.343792    0.344112 7.88816e-05
           1    0.329937    0.329937           0
           2    0.330576    0.330257 0.000225882
           3    0.329619    0.330044 0.000229845
           4    0.330082    0.330054 0.000172572
           5    0.330824    0.330208 0.000195093
           6    0.330908    0.330324 0.000194423
           7    0.330902    0.330407 0.000183314
           8    0.330823    0.330459 0.000167617
           9    0.330914    0.330509 0.000156423
          10     0.33085    0.330544  0.00014444
          11    0.330699    0.330558 0.000131997
          12    0.330761    0.330575 0.000122078
          13    0.330523    0.330571 0.000112751
          14    0.330438    0.330561 0.000105092
          15    0.330413    0.330551 9.85495e-05
          16    0.330435    0.330544 9.26566e-05
          17    0.330525    0.330543 8.72129e-05
          18    0.330418    0.330536 8.26442e-05
          19    0.330245    0.330521 7.97006e-05
          20    0.330428    0.330516 7.58512e-05
           1    0.320349    0.320349           0
           2    0.320144    0.320246 7.24004e-05
           3    0.319159    0.319884 0.000299765
           4    0.318978    0.319658 0.000298318
           5    0.319202    0.319566 0.000252191
           6    0.319151    0.319497 0.000219467
           7    0.319051    0.319433  0.00019715
           8    0.319164      0.3194 0.000175355
           9    0.319034    0.319359 0.000160501
          10    0.319339    0.319357 0.000144464
          11    0.319216    0.319344 0.000131903
          12    0.319202    0.319332 0.000121447
          13    0.318998    0.319307 0.000114804
          14    0.318898    0.319278 0.000110244
          15     0.31896    0.319256 0.000104902
          16    0.318963    0.319238 9.99365e-05
          17    0.318963    0.319222 9.53582e-05
          18    0.318908    0.319204 9.16446e-05
          19    0.318996    0.319193 8.74746e-05
          20    0.318991    0.319183 8.36823e-05
           1    0.306417    0.306417           0
           2    0.305969    0.306193 0.000158535
           3    0.305312    0.305899 0.000262067
           4    0.304958    0.305664 0.000283097
           5    0.305046     0.30554 0.000252006
           6    0.305365    0.305511 0.000211688
           7    0.305874    0.305563 0.000187684
           8    0.305764    0.305588 0.000165893
           9     0.30562    0.305592 0.000147499
          10    0.305731    0.305606 0.000133404
          11    0.305662    0.305611 0.000121373
          12    0.305743    0.305622 0.000111757
          13    0.305649    0.305624  0.00010318
          14    0.306003    0.305651 9.92959e-05
          15    0.306059    0.305678 9.63306e-05
          16    0.306009    0.305699 9.25063e-05
          17    0.305888     0.30571 8.77314e-05
          18     0.30607     0.30573 8.51133e-05
          19    0.306013    0.305745 8.19275e-05
          20    0.305978    0.305756 7.86578e-05
           1    0.292036    0.292036           0
           2    0.292305     0.29217 9.49256e-05
           3    0.292499     0.29228 0.000109639
           4    0.293204    0.292511 0.000216345
           5    0.293512    0.292711 0.000249061
           6    0.292529    0.292681 0.000209394
           7    0.292414    0.292643  0.00018293
           8    0.292286    0.292598 0.000165405
           9    0.292196    0.292553 0.000152941
          10    0.292147    0.292513 0.000142944
          11    0.292002    0.292466 0.000137282
          12    0.292036    0.292431 0.000130441
          13    0.291916    0.292391 0.000126274
          14     0.29191    0.292357 0.000121835
          15     0.29207    0.292338 0.000115197
          16    0.292059     0.29232 0.000109308
          17     0.29199    0.292301 0.000104589
          18    0.292064    0.292288 9.96009e-05
          19    0.292094    0.292277 9.48764e-05
          20    0.291966    0.292262 9.13972e-05
           1    0.280694    0.280694           0
           2    0.282069    0.281382 0.000486271
           3    0.282642    0.281802 0.000471882
           4    0.283053    0.282114 0.000445642
           5    0.283263    0.282344 0.000411501
           6    0.282763    0.282414  0.00034879
           7    0.282555    0.282434 0.000299547
           8    0.282262    0.282413 0.000262874
           9    0.282426    0.282414  0.00023367
          10    0.282637    0.282436 0.000211364
          11     0.28264    0.282455 0.000192959
          12    0.282467    0.282456 0.000176882
          13    0.282443    0.282455 0.000163278
          14    0.282448    0.282454 0.000151616
          15    0.282484    0.282456 0.000141521
          16    0.282432    0.282455 0.000132684
          17    0.282424    0.282453 0.000124892
          18     0.28246    0.282453 0.000117954
          19    0.282485    0.282455 0.000111757
          20    0.282407    0.282453 0.000106196
           1    0.269774    0.269774           0
           2    0.270116    0.269945 0.000120973
           3    0.269794    0.269895 9.05626e-05
           4    0.269107    0.269698 0.000183587
           5    0.269501    0.269658 0.000151043
           6    0.269112    0.269567 0.000150791
           7    0.269073    0.269497 0.000144864
           8    0.269113    0.269449 0.000134447
           9    0.269487    0.269453 0.000119576
          10    0.269834    0.269491 0.000113526
          11    0.270034     0.26954  0.00011342
          12    0.270057    0.269583 0.000111832
          13    0.270085    0.269622 0.000109691
          14    0.270087    0.269655 0.000106771
          15    0.270069    0.269683  0.00010316
          16    0.270152    0.269712 0.000100787
          17     0.27011    0.269736 9.75328e-05
          18    0.270127    0.269757 9.45102e-05
          19    0.270174    0.269779 9.20449e-05
          20    0.270245    0.269803  9.0346e-05
           1    0.261067    0.261067           0
           2    0.259801    0.260434 0.000447628
           3    0.259075    0.259981 0.000475159
           4    0.259538     0.25987 0.000369065
           5    0.259363    0.259769 0.000308876
           6    0.260066    0.259818 0.000261335
           7    0.259995    0.259843 0.000225224
           8    0.259666    0.259821 0.000198157
           9    0.259738    0.259812 0.000176354
          10    0.259819    0.259813  0.00015872
          11    0.259762    0.259808 0.000144359
          12    0.259705    0.259799 0.000132586
          13    0.259672     0.25979 0.000122751
          14    0.259582    0.259775 0.000114871
          15    0.259528    0.259758 0.000108381
          16    0.259514    0.259743 0.000102682
          17    0.259566    0.259733 9.71658e-05
          18    0.259671    0.259729 9.18273e-05
          19    0.259501    0.259717 8.77757e-05
          20    0.259584    0.259711 8.36378e-05
           1    0.248141    0.248141           0
           2    0.249175    0.248658 0.000365517
           3    0.248136    0.248484 0.000282117
           4    0.248509     0.24849 0.000211659
           5    0.249313    0.248655 0.000224338
           6    0.249562    0.248806 0.000232382
           7    0.249953     0.24897  0.00025039
           8    0.250005    0.249099  0.00025032
           9    0.249839    0.249182 0.000235628
          10    0.249629    0.249226  0.00021627
          11    0.249652    0.249265 0.000200034
          12    0.249586    0.249292 0.000185147
          13    0.249514    0.249309  0.00017169
          14    0.249449    0.249319  0.00015972
          15      0.2495    0.249331 0.000149527
          16    0.249572    0.249346 0.000140942
          17    0.249586     0.24936 0.000133356
          18    0.249628    0.249375 0.000126778
          19      0.2496    0.249387 0.000120659
          20    0.249678    0.249401   0.0001155
           1    0.239435    0.239435           0
           2    0.239688    0.239561 8.93382e-05
           3    0.239847    0.239657 9.79938e-05
           4    0.239502    0.239618 8.07309e-05
           5    0.239895    0.239673 8.13694e-05
           6    0.239764    0.239688 6.91991e-05
           7    0.239844    0.239711 6.27766e-05
           8    0.239836    0.239726 5.68494e-05
           9    0.239929    0.239749  5.4797e-05
          10    0.239778    0.239752 4.93927e-05
          11    0.239648    0.239742 4.57885e-05
          12    0.239782    0.239746 4.20934e-05
          13    0.239719    0.239743 3.89066e-05
          14    0.239735    0.239743  3.6132e-05
          15    0.239752    0.239743  3.3728e-05
          16    0.239823    0.239748 3.19824e-05
          17    0.239816    0.239752 3.03485e-05
          18    0.239755    0.239753 2.86628e-05
          19    0.239719    0.239751 2.72097e-05
          20    0.239642    0.239745 2.63884e-05
           1    0.228592    0.228592           0
           2    0.229454    0.229023 0.000304846
           3     0.22999    0.229345 0.000332503
           4    0.229853    0.229472 0.000272481
           5     0.22987    0.229552 0.000229326
           6    0.229655    0.229569 0.000191743
           7    0.229635    0.229578 0.000164582
           8    0.229678    0.229591 0.000144483
           9    0.229555    0.229587 0.000128484
          10     0.22968    0.229596 0.000115975
          11    0.229638      0.2296 0.000105494
          12    0.229674    0.229606 9.68836e-05
          13    0.229712    0.229614 8.97746e-05
          14    0.229767    0.229625 8.40252e-05
          15    0.229779    0.229635 7.90443e-05
          16    0.229791    0.229645 7.47009e-05
          17    0.229766    0.229652  7.0646e-05
          18     0.22984    0.229663 6.74875e-05
          19    0.229791     0.22967 6.42706e-05
          20    0.229715    0.229672 6.10973e-05
           1    0.222303    0.222303           0
           2     0.22099    0.221646 0.000464095
           3    0.221016    0.221436 0.000353811
           4    0.221129    0.221359 0.000273545
           5    0.221263     0.22134 0.000219506
           6    0.221141    0.221307 0.000185409
           7    0.221067    0.221273 0.000162052
           8    0.221037    0.221243 0.000144458
           9     0.22093    0.221208 0.000132522
          10    0.220951    0.221183 0.000121747
          11    0.220783    0.221146 0.000115973
          12    0.220742    0.221113 0.000111107
          13    0.220764    0.221086  0.00010574
          14    0.220811    0.221066 9.99879e-05
          15     0.22083    0.221051 9.45524e-05
          16    0.220745    0.221031 9.05564e-05
          17     0.22085    0.221021 8.58572e-05
          18    0.220796    0.221008  8.1994e-05
          19    0.220807    0.220998 7.83567e-05
          20    0.220806    0.220988 7.50215e-05
           1    0.212705    0.212705           0
           2    0.213336     0.21302 0.000222811
           3    0.213389    0.213143  0.00017929
           4    0.213003    0.213108 0.000137858
           5    0.212764     0.21304 0.000126283
           6    0.212684     0.21298 0.000118299
           7    0.212774    0.212951 0.000104995
           8    0.212827    0.212935  9.3005e-05
           9      0.2127    0.212909 8.62703e-05
          10    0.212613     0.21288 8.25751e-05
          11    0.212693    0.212863 7.67933e-05
          12      0.2127    0.212849 7.15841e-05
          13    0.212593    0.212829 6.87326e-05
          14     0.21255    0.212809 6.66638e-05
          15    0.212581    0.212794  6.3942e-05
          16    0.212576    0.212781 6.13772e-05
          17    0.212666    0.212774 5.81353e-05
          18    0.212739    0.212772 5.49374e-05
          19    0.212688    0.212767 5.22213e-05
          20    0.212718    0.212765 4.96699e-05
           1    0.204776    0.204776           0
           2    0.204398    0.204587 0.000133905
           3     0.20423    0.204468 0.000131891
           4    0.204396     0.20445 0.000100143
           5      0.2047      0.2045 9.17233e-05
           6    0.204535    0.204506 7.66269e-05
           7    0.204256     0.20447 7.34954e-05
           8    0.203942    0.204404 8.91403e-05
           9    0.203917     0.20435 9.42326e-05
          10    0.203994    0.204314 9.12978e-05
          11     0.20398    0.204284 8.79295e-05
          12    0.204009    0.204261 8.35441e-05
          13    0.204102    0.204249 7.80096e-05
          14    0.204046    0.204234 7.37703e-05
          15    0.204033    0.204221 7.00683e-05
          16    0.204065    0.204211 6.63606e-05
          17    0.204147    0.204207 6.25634e-05
          18    0.204184    0.204206 5.91016e-05
          19    0.204224    0.204207 5.59989e-05
          20    0.204234    0.204208 5.32146e-05
           1    0.198331    0.198331           0
           2    0.197787    0.198059 0.000192285
           3    0.197617    0.197911 0.000175793
           4    0.197373    0.197777 0.000176047
           5    0.197039    0.197629 0.000193053
           6    0.196764    0.197485 0.000207826
           7    0.196708    0.197374 0.000205673
           8    0.196743    0.197295 0.000194516
           9    0.196757    0.197235 0.000181861
          10    0.196722    0.197184 0.000170759
          11    0.196685    0.197138 0.000161157
          12    0.196861    0.197115 0.000149379
          13    0.196758    0.197088 0.000140393
          14    0.196763    0.197065 0.000132271
          15    0.196692     0.19704  0.00012576
          16    0.196655    0.197016  0.00012018
          17     0.19663    0.196993 0.000115228
          18    0.196704    0.196977 0.000109943
          19    0.196667    0.196961 0.000105357
          20    0.196673    0.196946 0.000101069
           1    0.190344    0.190344           0
           2    0.189864    0.190104 0.000169982
           3    0.190067    0.190092 0.000113767
           4    0.190188    0.190116  8.7815e-05
           5     0.19005    0.190103 7.12166e-05
           6    0.189805    0.190053  7.4613e-05
           7    0.189525    0.189978 9.46563e-05
           8    0.189232    0.189885  0.00012022
           9    0.189082    0.189795 0.000135949
          10    0.188939     0.18971 0.000146867
          11    0.189029    0.189648 0.000145987
          12    0.188923    0.189587 0.000145795
          13    0.188956    0.189539 0.000142453
          14    0.188943    0.189496 0.000138491
          15    0.189025    0.189465 0.000132768
          16    0.188994    0.189435 0.000127689
          17    0.189056    0.189413 0.000122113
          18    0.189066    0.189394 0.000116841
          19    0.189104    0.189379  0.00011168
          20    0.189084    0.189364 0.000107066
