           1   -0.966219   -0.966219           0
           2   -0.974478   -0.970348  0.00291979
           3   -0.972439   -0.971045    0.002028
           4   -0.973928   -0.971766  0.00164407
           5   -0.974921   -0.972397  0.00143122
           6    -0.97137   -0.972226  0.00120288
           7   -0.973214   -0.972367   0.0010393
           8   -0.978168   -0.973092  0.00113449
           9   -0.970985   -0.972858  0.00103231
          10   -0.974394   -0.973012 0.000940447
          11   -0.977922   -0.973458 0.000955055
          12   -0.976548   -0.973716 0.000909517
          13   -0.971986   -0.973583 0.000849225
          14   -0.972922   -0.973535 0.000789874
          15   -0.974166   -0.973577 0.000738332
          16   -0.974077   -0.973609 0.000692846
          17   -0.974118   -0.973639 0.000652737
          18   -0.975215   -0.973726 0.000622323
          19    -0.97709   -0.973903 0.000614231
          20   -0.976166   -0.974016 0.000593852
           1   -0.957823   -0.957823           0
           2   -0.956477    -0.95715 0.000476024
           3    -0.95571    -0.95667 0.000504208
           4   -0.956648   -0.956665 0.000378186
           5   -0.956202   -0.956572 0.000313643
           6   -0.955334   -0.956366 0.000322217
           7   -0.955691   -0.956269 0.000290238
           8   -0.955126   -0.956126  0.00028702
           9   -0.957616   -0.956292 0.000299067
          10   -0.954254   -0.956088 0.000331376
          11   -0.955804   -0.956062 0.000302256
          12   -0.958208   -0.956241  0.00032569
          13   -0.957102   -0.956307 0.000307289
          14   -0.953561   -0.956111 0.000342281
          15    -0.95523   -0.956052 0.000324469
          16   -0.955557   -0.956021 0.000305664
          17   -0.957929   -0.956134 0.000307588
          18   -0.954673   -0.956052 0.000301016
          19   -0.954461   -0.955969   0.0002966
          20    -0.95433   -0.955887 0.000292863
           1   -0.936507   -0.936507           0
           2   -0.940239   -0.938373  0.00131946
           3    -0.93413   -0.936959  0.00145179
           4   -0.934867   -0.936436  0.00117925
           5    -0.93491   -0.936131 0.000982069
           6    -0.93395   -0.935767 0.000883066
           7   -0.937977   -0.936083 0.000811365
           8   -0.933186   -0.935721 0.000786594
           9      -0.934    -0.93553 0.000722061
          10   -0.932562   -0.935233 0.000708235
          11   -0.937724   -0.935459 0.000679093
          12   -0.933844   -0.935325 0.000635704
          13   -0.935446   -0.935334 0.000586871
          14   -0.936049   -0.935385 0.000547168
          15   -0.931814   -0.935147 0.000560104
          16   -0.934841   -0.935128 0.000525424
          17   -0.934045   -0.935064 0.000498364
          18   -0.937796   -0.935216 0.000493246
          19   -0.937035   -0.935312 0.000476489
          20   -0.933154   -0.935204 0.000464713
           1   -0.917071   -0.917071           0
           2    -0.91144   -0.914256  0.00199093
           3   -0.913714   -0.914075  0.00133546
           4   -0.912614    -0.91371  0.00105032
           5    -0.91159   -0.913286 0.000921892
           6   -0.914585   -0.913502 0.000793259
           7   -0.914066   -0.913583 0.000684018
           8   -0.914618   -0.913712 0.000610641
           9   -0.913683   -0.913709   0.0005428
          10   -0.916135   -0.913952 0.000540025
          11   -0.911461   -0.913725 0.000536311
          12    -0.91157   -0.913546 0.000520835
          13   -0.914066   -0.913586 0.000482309
          14   -0.913825   -0.913603  0.00044816
          15   -0.912843   -0.913552 0.000421134
          16    -0.91264   -0.913495 0.000398653
          17   -0.914416   -0.913549 0.000378865
          18   -0.913334   -0.913537 0.000358007
          19   -0.911968   -0.913455 0.000348561
          20   -0.915502   -0.913557 0.000345832
           1    -0.89161    -0.89161           0
           2   -0.892026   -0.891818 0.000147361
           3   -0.890874   -0.891503 0.000274964
           4   -0.893116   -0.891907 0.000405482
           5   -0.891066   -0.891738 0.000357574
           6   -0.893278   -0.891995 0.000379063
           7   -0.891593   -0.891938 0.000329239
           8   -0.891465   -0.891878  0.00029334
           9    -0.89109   -0.891791  0.00027353
          10   -0.894349   -0.892047 0.000345675
          11   -0.889512   -0.891816 0.000383433
          12   -0.892643   -0.891885  0.00035762
          13   -0.892005   -0.891894 0.000330229
          14     -0.8927   -0.891952 0.000311615
          15   -0.891056   -0.891892 0.000296509
          16   -0.891869   -0.891891 0.000277981
          17    -0.89343   -0.891981  0.00027599
          18   -0.891157   -0.891935  0.00026443
          19   -0.893506   -0.892018 0.000263122
          20     -0.8951   -0.892172 0.000291616
           1   -0.870421   -0.870421           0
           2   -0.870164   -0.870292 9.07925e-05
           3   -0.868816     -0.8698 0.000406358
           4   -0.869332   -0.869683 0.000321189
           5   -0.869344   -0.869615 0.000264019
           6   -0.870258   -0.869722 0.000240738
           7   -0.871605   -0.869991 0.000323362
           8   -0.869286   -0.869903 0.000294729
           9   -0.871124   -0.870039 0.000291534
          10   -0.871327   -0.870168 0.000289455
          11   -0.868513   -0.870017 0.000299695
          12   -0.869498   -0.869974  0.00027783
          13   -0.870122   -0.869985 0.000256691
          14   -0.869025   -0.869917 0.000247353
          15   -0.869778   -0.869907 0.000231037
          16    -0.87172   -0.870021 0.000242789
          17   -0.871244   -0.870093 0.000238934
          18   -0.870126   -0.870094 0.000225668
          19   -0.870902   -0.870137  0.00021776
          20   -0.869748   -0.870118 0.000207738
           1   -0.848725   -0.848725           0
           2   -0.847391   -0.848058 0.000471499
           3   -0.847766   -0.847961  0.00032425
           4   -0.847706   -0.847897 0.000249334
           5   -0.849487   -0.848215 0.000347429
           6   -0.848254   -0.848222 0.000289586
           7   -0.847351   -0.848097 0.000273613
           8   -0.846937   -0.847952 0.000275189
           9   -0.848394   -0.848001 0.000248945
          10   -0.848825   -0.848084 0.000237282
          11   -0.850018   -0.848259  0.00027319
          12    -0.85063   -0.848457 0.000313844
          13   -0.847767   -0.848404 0.000294153
          14   -0.847681   -0.848352  0.00027764
          15   -0.846829   -0.848251 0.000277086
          16    -0.84901   -0.848298 0.000263796
          17   -0.849046   -0.848342 0.000251916
          18   -0.848869   -0.848371 0.000239614
          19   -0.848624   -0.848385 0.000227372
          20   -0.847698    -0.84835 0.000218577
           1   -0.827182   -0.827182           0
           2   -0.827821   -0.827501 0.000225991
           3   -0.826252   -0.827085 0.000371875
           4   -0.824874   -0.826532 0.000553908
           5   -0.826531   -0.826532 0.000443126
           6   -0.827762   -0.826737 0.000414011
           7   -0.826728   -0.826736 0.000354869
           8   -0.826503   -0.826707 0.000311699
           9   -0.826863   -0.826724  0.00027755
          10   -0.823558   -0.826408  0.00039063
          11   -0.825975   -0.826368  0.00035709
          12    -0.82655   -0.826383 0.000327652
          13   -0.824694   -0.826253 0.000327193
          14   -0.827562   -0.826347   0.0003169
          15   -0.827067   -0.826395 0.000299389
          16    -0.82631    -0.82639 0.000280724
          17   -0.825337   -0.826328 0.000270956
          18   -0.827727   -0.826405 0.000266825
          19   -0.826817   -0.826427 0.000253658
          20   -0.826328   -0.826422 0.000241024
           1   -0.803778   -0.803778           0
           2   -0.803641    -0.80371 4.86489e-05
           3   -0.806807   -0.804742 0.000843684
           4   -0.803315   -0.804385 0.000704154
           5   -0.804338   -0.804376 0.000563388
           6   -0.802995   -0.804146 0.000514339
           7   -0.805792   -0.804381 0.000491699
           8   -0.803649   -0.804289 0.000438671
           9   -0.806942   -0.804584 0.000478836
          10    -0.80367   -0.804493   0.0004396
          11   -0.805306   -0.804567 0.000405812
          12   -0.804446   -0.804557  0.00037212
          13   -0.803226   -0.804454 0.000357303
          14    -0.80431   -0.804444  0.00033193
          15   -0.804078    -0.80442 0.000310695
          16   -0.804936   -0.804452 0.000292948
          17   -0.804022   -0.804426 0.000276807
          18   -0.803283   -0.804363 0.000268617
          19   -0.804856   -0.804389  0.00025573
          20   -0.805151   -0.804427 0.000245767
           1   -0.782606   -0.782606           0
           2   -0.782863   -0.782735 9.07925e-05
           3   -0.784047   -0.783172 0.000362282
           4   -0.783904   -0.783355 0.000314525
           5   -0.782574   -0.783199 0.000287856
           6   -0.783429   -0.783237 0.000242417
           7   -0.782169   -0.783085 0.000251282
           8   -0.782567    -0.78302 0.000228042
           9   -0.782314   -0.782941 0.000215786
          10   -0.782918   -0.782939 0.000194219
          11   -0.784385   -0.783071 0.000216511
          12   -0.782356   -0.783011 0.000206494
          13   -0.782042   -0.782936 0.000203609
          14   -0.784598   -0.783055 0.000220977
          15   -0.783152   -0.783062 0.000206339
          16    -0.78095    -0.78293 0.000231853
          17   -0.780752   -0.782802  0.00025112
          18   -0.783003   -0.782813 0.000237419
          19   -0.783118   -0.782829 0.000225467
          20   -0.781698   -0.782772 0.000221175
           1   -0.762704   -0.762704           0
           2   -0.760906   -0.761805  0.00063583
           3   -0.761954   -0.761854 0.000425817
           4    -0.76081   -0.761593 0.000391259
           5   -0.762051   -0.761685 0.000323543
           6    -0.76119   -0.761602 0.000279955
           7   -0.760302   -0.761417 0.000295202
           8   -0.762969   -0.761611 0.000315683
           9   -0.761474   -0.761596  0.00028097
          10   -0.761421   -0.761578 0.000253416
          11   -0.760609    -0.76149  0.00024522
          12   -0.761809   -0.761517  0.00022622
          13   -0.762496   -0.761592 0.000221009
          14   -0.762927   -0.761687 0.000224864
          15   -0.763119   -0.761783 0.000229243
          16   -0.761616   -0.761772 0.000215152
          17   -0.760425   -0.761693 0.000216606
          18   -0.761371   -0.761675 0.000205309
          19   -0.760557   -0.761616 0.000202765
          20   -0.761795   -0.761625 0.000192824
           1   -0.740579   -0.740579           0
           2   -0.740738   -0.740659 5.62857e-05
           3   -0.740089   -0.740469 0.000159608
           4   -0.739609   -0.740254 0.000221356
           5   -0.742392   -0.740681 0.000421497
           6   -0.740435    -0.74064  0.00035324
           7    -0.74037   -0.740602 0.000304888
           8   -0.740985    -0.74065 0.000270511
           9   -0.739181   -0.740486  0.00028547
          10   -0.740919    -0.74053 0.000260183
          11    -0.74009    -0.74049 0.000239575
          12   -0.739997   -0.740449 0.000223105
          13   -0.739022   -0.740339 0.000231378
          14   -0.740679   -0.740363 0.000216124
          15   -0.740242   -0.740355 0.000201868
          16   -0.740756    -0.74038   0.0001908
          17   -0.741181   -0.740427 0.000185298
          18   -0.740942   -0.740456   0.0001772
          19   -0.740398   -0.740453   0.0001679
          20   -0.741043   -0.740482  0.00016208
           1   -0.721286   -0.721286           0
           2    -0.72216   -0.721723 0.000309147
           3   -0.720406   -0.721284 0.000413517
           4   -0.720062   -0.720978 0.000407562
           5   -0.720373   -0.720857 0.000343576
           6   -0.719438   -0.720621  0.00035865
           7   -0.719742   -0.720495 0.000328629
           8   -0.720701   -0.720521 0.000288553
           9   -0.720327   -0.720499 0.000257293
          10    -0.72038   -0.720487 0.000231841
          11    -0.72127   -0.720559   0.0002214
          12   -0.720882   -0.720585  0.00020458
          13   -0.719715   -0.720519 0.000199495
          14   -0.721721   -0.720604 0.000202889
          15   -0.719941    -0.72056 0.000194127
          16   -0.721856   -0.720641  0.00019817
          17   -0.720879   -0.720655 0.000187007
          18   -0.719858   -0.720611 0.000181791
          19   -0.721237   -0.720644 0.000175183
          20   -0.719858   -0.720605 0.000170768
           1   -0.700426   -0.700426           0
           2   -0.700795   -0.700611  0.00013039
           3   -0.701468   -0.700897 0.000248969
           4   -0.701064   -0.700938 0.000190214
           5   -0.702146    -0.70118 0.000264179
           6   -0.701083   -0.701164  0.00022064
           7   -0.699234   -0.700888 0.000317701
           8   -0.701719   -0.700992 0.000294488
           9   -0.699827   -0.700862 0.000288805
          10   -0.701254   -0.700902 0.000262571
          11   -0.701526   -0.700958  0.00024475
          12   -0.700938   -0.700957  0.00022436
          13   -0.701789   -0.701021 0.000216038
          14   -0.701454   -0.701052 0.000202816
          15    -0.69997    -0.70098 0.000201699
          16   -0.701234   -0.700996 0.000189721
          17   -0.701784   -0.701042 0.000184142
          18   -0.701161   -0.701049 0.000174031
          19   -0.701634   -0.701079 0.000167573
          20   -0.699866   -0.701019 0.000169814
           1   -0.683322   -0.683322           0
           2   -0.681557    -0.68244 0.000624234
           3   -0.682022   -0.682301 0.000431368
           4   -0.681462   -0.682091 0.000371026
           5   -0.682352   -0.682143 0.000300476
           6   -0.682336   -0.682175 0.000252112
           7   -0.682917   -0.682281 0.000237314
           8   -0.682684   -0.682332 0.000212925
           9   -0.681925   -0.682286 0.000194003
          10    -0.68249   -0.682307 0.000175665
          11   -0.682424   -0.682317 0.000160019
          12   -0.682902   -0.682366 0.000153933
          13   -0.682806     -0.6824 0.000145758
          14   -0.683306   -0.682465 0.000149014
          15   -0.680922   -0.682362 0.000170935
          16   -0.682391   -0.682364 0.000160262
          17   -0.682025   -0.682344 0.000152068
          18   -0.681138   -0.682277 0.000157691
          19   -0.681406   -0.682231 0.000155913
          20   -0.681213    -0.68218 0.000156205
           1   -0.663902   -0.663902           0
           2   -0.663883   -0.663892 6.50538e-06
           3   -0.664774   -0.664186 0.000239871
           4    -0.66321   -0.663942 0.000277608
           5   -0.664043   -0.663962 0.000222823
           6   -0.663466    -0.66388 0.000200425
           7    -0.66535    -0.66409 0.000259527
           8   -0.663689    -0.66404 0.000231874
           9   -0.665076   -0.664155 0.000232956
          10   -0.664658   -0.664205 0.000215036
          11   -0.663638   -0.664154 0.000201582
          12   -0.664399   -0.664174  0.00018582
          13   -0.663546   -0.664126 0.000177687
          14   -0.664003   -0.664117  0.00016521
          15   -0.665031   -0.664178 0.000165056
          16   -0.663656   -0.664145 0.000157931
          17   -0.664378   -0.664159 0.000149231
          18   -0.664663   -0.664187 0.000143545
          19   -0.664918   -0.664225 0.000141058
          20   -0.664441   -0.664236 0.000134415
           1   -0.646498   -0.646498           0
           2   -0.646029   -0.646263 0.000165746
           3   -0.646373     -0.6463 0.000114453
           4   -0.646772   -0.646418 0.000133504
           5    -0.64644   -0.646422 0.000106877
           6   -0.646234   -0.646391 9.35741e-05
           7   -0.646866   -0.646459 0.000101931
           8   -0.646953    -0.64652 0.000106263
           9   -0.647302   -0.646607  0.00012497
          10   -0.647492   -0.646696 0.000140337
          11   -0.646438   -0.646672 0.000129527
          12   -0.646976   -0.646698  0.00012118
          13    -0.64698   -0.646719 0.000113789
          14   -0.646608   -0.646711 0.000105939
          15   -0.646046   -0.646667 0.000107753
          16   -0.646442   -0.646653 0.000101936
          17   -0.646066   -0.646618 0.000101626
          18   -0.647031   -0.646641 9.85339e-05
          19   -0.646253   -0.646621 9.54463e-05
          20   -0.647024   -0.646641 9.27777e-05
           1   -0.629112   -0.629112           0
           2    -0.63103   -0.630071 0.000677974
           3   -0.629878   -0.630007 0.000455006
           4   -0.629862    -0.62997 0.000342697
           5   -0.628835   -0.629743 0.000341174
           6   -0.630854   -0.629928 0.000330706
           7    -0.63029    -0.62998  0.00028746
           8   -0.628646   -0.629813 0.000295991
           9   -0.630292   -0.629866 0.000267841
          10    -0.62943   -0.629823 0.000244593
          11   -0.630379   -0.629873 0.000227529
          12   -0.629004   -0.629801 0.000219798
          13   -0.630462   -0.629852 0.000208698
          14   -0.630536   -0.629901 0.000199432
          15   -0.630077   -0.629912 0.000186482
          16   -0.630502   -0.629949 0.000178436
          17   -0.630011   -0.629953 0.000167977
          18   -0.630067   -0.629959 0.000158765
          19   -0.628894   -0.629903 0.000160009
          20   -0.628237    -0.62982 0.000172341
           1   -0.613806   -0.613806           0
           2   -0.613498   -0.613652 0.000108894
           3   -0.612804    -0.61337 0.000242048
           4   -0.613406   -0.613379 0.000181711
           5   -0.613439   -0.613391  0.00014577
           6      -0.613   -0.613326 0.000135251
           7   -0.612406   -0.613194    0.000168
           8   -0.613247   -0.613201  0.00014713
           9   -0.613883   -0.613277 0.000149034
          10   -0.613454   -0.613294 0.000135175
          11   -0.613287   -0.613294 0.000122888
          12    -0.61338   -0.613301 0.000112857
          13   -0.614466   -0.613391  0.00013517
          14   -0.613275   -0.613382 0.000125766
          15    -0.61303   -0.613359 0.000119561
          16   -0.612888   -0.613329 0.000115654
          17   -0.612601   -0.613287 0.000116522
          18   -0.613574   -0.613303 0.000111141
          19   -0.613321   -0.613304 0.000105295
          20   -0.612866   -0.613282 0.000102274
           1   -0.599109   -0.599109           0
           2    -0.59689      -0.598 0.000784323
           3   -0.596882   -0.597627 0.000604864
           4   -0.598167   -0.597762 0.000468471
           5   -0.597751    -0.59776 0.000374782
           6   -0.598098   -0.597816 0.000316514
           7   -0.598257   -0.597879 0.000277484
           8   -0.596434   -0.597699 0.000295841
           9   -0.596838   -0.597603 0.000278004
          10   -0.596667   -0.597509 0.000265482
          11   -0.598138   -0.597566 0.000247431
          12   -0.596622   -0.597488 0.000239012
          13   -0.597654     -0.5975 0.000220967
          14   -0.598236   -0.597553 0.000211337
          15   -0.599132   -0.597658  0.00022192
          16   -0.597471   -0.597647 0.000208358
          17   -0.596711   -0.597592 0.000203237
          18   -0.598372   -0.597635 0.000196517
          19   -0.598308    -0.59767  0.00018934
          20   -0.598133   -0.597693 0.000181279
           1   -0.582118   -0.582118           0
           2   -0.582802    -0.58246 0.000241831
           3   -0.581546   -0.582155 0.000296617
           4    -0.58276   -0.582307  0.00025811
           5   -0.582686   -0.582383 0.000217378
           6   -0.583601   -0.582586  0.00025917
           7   -0.582282   -0.582542 0.000225755
           8   -0.582542   -0.582542 0.000197536
           9   -0.583025   -0.582596 0.000182723
          10   -0.583656   -0.582702 0.000192773
          11   -0.583066   -0.582735 0.000178076
          12   -0.582784   -0.582739 0.000163283
          13   -0.582785   -0.582743 0.000150761
          14   -0.582622   -0.582734 0.000140236
          15   -0.582843   -0.582741 0.000131076
          16   -0.582434   -0.582722 0.000124286
          17   -0.583492   -0.582767 0.000124956
          18   -0.582562   -0.582756 0.000118536
          19   -0.582859   -0.582761 0.000112422
          20   -0.582795   -0.582763 0.000106813
           1   -0.568467   -0.568467           0
           2   -0.568493    -0.56848 9.05097e-06
           3   -0.566758   -0.567906 0.000468599
           4     -0.5677   -0.567855 0.000354272
           5   -0.569046   -0.568093 0.000354566
           6   -0.568041   -0.568084 0.000295577
           7   -0.567486   -0.567999 0.000265431
           8   -0.568927   -0.568115 0.000256378
           9   -0.567864   -0.568087   0.0002294
          10   -0.568147   -0.568093 0.000206539
          11   -0.567787   -0.568065 0.000189623
          12    -0.56934   -0.568171 0.000201397
          13   -0.567335   -0.568107 0.000195906
          14    -0.56868   -0.568148 0.000186139
          15   -0.568842   -0.568194 0.000179395
          16    -0.56825   -0.568198 0.000168217
          17   -0.569541   -0.568277 0.000175898
          18   -0.568305   -0.568278 0.000166133
          19   -0.569038   -0.568318 0.000162134
          20    -0.57016    -0.56841 0.000178269
           1    -0.55505    -0.55505           0
           2   -0.555349     -0.5552   0.0001055
           3   -0.555194   -0.555198 7.03525e-05
           4   -0.554181   -0.554943 0.000226379
           5   -0.555493   -0.555053 0.000206051
           6   -0.554655   -0.554987 0.000182078
           7   -0.554818   -0.554963 0.000157651
           8   -0.555006   -0.554968 0.000138038
           9   -0.555553   -0.555033  0.00013713
          10   -0.554574   -0.554987 0.000130894
          11    -0.55375   -0.554875 0.000160214
          12   -0.554402   -0.554835 0.000151622
          13    -0.55488   -0.554839 0.000139997
          14   -0.553906   -0.554772 0.000144977
          15    -0.55503   -0.554789  0.00013633
          16   -0.556332   -0.554886 0.000158269
          17   -0.553782   -0.554821 0.000161723
          18   -0.554278   -0.554791  0.00015553
          19   -0.554267   -0.554763 0.000149765
          20   -0.553846   -0.554717 0.000149127
           1   -0.540851   -0.540851           0
           2   -0.540727   -0.540789 4.38406e-05
           3   -0.542538   -0.541372 0.000476968
           4   -0.541906   -0.541506 0.000375954
           5   -0.540945   -0.541394 0.000317064
           6   -0.541631   -0.541433 0.000266681
           7   -0.541558   -0.541451 0.000229175
           8   -0.541343   -0.541438 0.000200924
           9   -0.541399   -0.541433 0.000178644
          10   -0.542882   -0.541578 0.000211494
          11   -0.540101   -0.541444 0.000231005
          12    -0.54127   -0.541429 0.000212206
          13   -0.540406   -0.541351 0.000209965
          14    -0.54146   -0.541358 0.000195112
          15   -0.542135    -0.54141 0.000188852
          16   -0.541718    -0.54143 0.000178028
          17   -0.540678   -0.541385 0.000172951
          18   -0.542234   -0.541432 0.000169654
          19   -0.541461   -0.541434 0.000160731
          20     -0.5408   -0.541402 0.000155789
           1   -0.528766   -0.528766           0
           2   -0.528522   -0.528644  8.6267e-05
           3   -0.528242    -0.52851 0.000123605
           4   -0.529266   -0.528699 0.000188108
           5   -0.529454    -0.52885 0.000202205
           6    -0.52878   -0.528838 0.000168837
           7   -0.528918   -0.528849   0.0001451
           8    -0.52937   -0.528914 0.000140782
           9   -0.528896   -0.528912 0.000125154
          10   -0.529178   -0.528939 0.000115415
          11   -0.528823   -0.528928 0.000105401
          12   -0.528639   -0.528904 9.93341e-05
          13   -0.528934   -0.528907 9.17186e-05
          14   -0.528646   -0.528888 8.70403e-05
          15   -0.528432   -0.528857 8.63809e-05
          16   -0.529022   -0.528868 8.15947e-05
          17   -0.528376   -0.528839 8.17628e-05
          18    -0.52846   -0.528818 7.98837e-05
          19   -0.527571   -0.528752 9.90236e-05
          20   -0.527325   -0.528681 0.000116999
           1   -0.516867   -0.516867           0
           2   -0.516354    -0.51661 0.000181585
           3   -0.516499   -0.516573 0.000124783
           4   -0.516217   -0.516484 0.000121314
           5   -0.516348   -0.516457 0.000100063
           6   -0.516701   -0.516498 9.12661e-05
           7   -0.516436   -0.516489 7.86512e-05
           8   -0.516016    -0.51643 8.82744e-05
           9   -0.517495   -0.516548 0.000136439
          10   -0.517247   -0.516618 0.000139561
          11   -0.516242   -0.516584 0.000131002
          12    -0.51653   -0.516579  0.00012016
          13   -0.516391   -0.516565 0.000111785
          14   -0.516934   -0.516591 0.000106859
          15   -0.516925   -0.516613 0.000102023
          16   -0.516125   -0.516583 0.000100113
          17   -0.516545   -0.516581 9.42491e-05
          18   -0.517034   -0.516606 9.23226e-05
          19   -0.516492     -0.5166 8.76578e-05
          20   -0.516674   -0.516604 8.33541e-05
           1   -0.504234   -0.504234           0
           2    -0.50521   -0.504722 0.000344785
           3   -0.504842   -0.504762  0.00023215
           4   -0.503185   -0.504368 0.000383275
           5   -0.504515   -0.504397 0.000307755
           6   -0.504606   -0.504432 0.000258416
           7   -0.504458   -0.504436 0.000221526
           8   -0.505051   -0.504513 0.000206771
           9   -0.505322   -0.504602 0.000202433
          10   -0.505269   -0.504669 0.000192844
          11   -0.504732   -0.504675 0.000175398
          12   -0.505795   -0.504768 0.000183959
          13   -0.503437   -0.504666 0.000196258
          14   -0.503756   -0.504601 0.000192698
          15   -0.504579   -0.504599 0.000179857
          16   -0.504753   -0.504609 0.000168871
          17   -0.504722   -0.504616 0.000159069
          18    -0.50424   -0.504595 0.000151595
          19   -0.504694     -0.5046 0.000143707
          20   -0.504275   -0.504584 0.000137436
           1   -0.492876   -0.492876           0
           2   -0.492313   -0.492594 0.000199121
           3   -0.493378   -0.492855 0.000251116
           4   -0.492787   -0.492838 0.000188916
           5   -0.492734   -0.492817 0.000152291
           6   -0.492906   -0.492832 0.000127629
           7   -0.493781   -0.492968 0.000166451
           8   -0.493732   -0.493063 0.000170872
           9   -0.492381   -0.492987 0.000167873
          10    -0.49279   -0.492968 0.000152247
          11   -0.492603   -0.492935 0.000141966
          12   -0.492699   -0.492915 0.000131484
          13   -0.493314   -0.492946 0.000124908
          14   -0.493985    -0.49302 0.000136267
          15   -0.493989   -0.493084 0.000141667
          16   -0.494484   -0.493172 0.000157518
          17   -0.493375   -0.493184 0.000148706
          18    -0.49311    -0.49318   0.0001405
          19   -0.493966   -0.493221 0.000139071
          20   -0.492244   -0.493172 0.000140439
           1   -0.482398   -0.482398           0
           2   -0.482452   -0.482425 1.92333e-05
           3   -0.483378   -0.482742 0.000259636
           4   -0.483397   -0.482906 0.000240816
           5   -0.482527    -0.48283 0.000204222
           6   -0.482646     -0.4828 0.000172468
           7   -0.482552   -0.482764 0.000151414
           8   -0.481826   -0.482647 0.000172041
           9   -0.482874   -0.482672 0.000154758
          10   -0.481875   -0.482592 0.000158477
          11   -0.483118    -0.48264 0.000151091
          12   -0.482404    -0.48262 0.000139776
          13   -0.482037   -0.482576 0.000136044
          14   -0.482207   -0.482549 0.000128846
          15   -0.482245   -0.482529 0.000121844
          16   -0.482321   -0.482516 0.000114921
          17   -0.481502   -0.482456 0.000122655
          18   -0.483259   -0.482501 0.000123686
          19     -0.4826   -0.482506 0.000117286
          20   -0.482741   -0.482518 0.000112007
           1   -0.471701   -0.471701           0
           2   -0.470946   -0.471324 0.000266721
           3    -0.47281   -0.471819 0.000441801
           4   -0.472016   -0.471868 0.000334086
           5   -0.472358   -0.471966 0.000281287
           6   -0.472561   -0.472065 0.000251255
           7   -0.472906   -0.472185 0.000242393
           8   -0.472134   -0.472179 0.000212178
           9   -0.472022   -0.472162 0.000189316
          10   -0.472677   -0.472213 0.000177254
          11   -0.472266   -0.472218 0.000161206
          12   -0.471823   -0.472185 0.000151093
          13   -0.471432   -0.472127 0.000150167
          14   -0.472449    -0.47215 0.000141186
          15   -0.472955   -0.472204 0.000141607
          16   -0.471492   -0.472159 0.000139571
          17   -0.471962   -0.472148 0.000131845
          18   -0.472137   -0.472147 0.000124521
          19   -0.472846   -0.472184 0.000123275
          20    -0.47233   -0.472191 0.000117326
           1   -0.462519   -0.462519           0
           2   -0.462334   -0.462426 6.56195e-05
           3   -0.461522   -0.462125 0.000249897
           4    -0.46119   -0.461891 0.000275821
           5   -0.462238   -0.461961 0.000229222
           6   -0.462149   -0.461992 0.000193148
           7    -0.46277   -0.462103 0.000194946
           8   -0.462132   -0.462107  0.00017061
           9   -0.462185   -0.462116 0.000151873
          10   -0.461972   -0.462101 0.000137363
          11   -0.463273   -0.462208 0.000160956
          12   -0.461313   -0.462133 0.000163911
          13   -0.462243   -0.462142 0.000151521
          14   -0.461654   -0.462107 0.000144652
          15   -0.461642   -0.462076 0.000138281
          16   -0.462559   -0.462106 0.000132898
          17   -0.462426   -0.462125  0.00012641
          18    -0.46218   -0.462128 0.000119425
          19   -0.462892   -0.462168 0.000119719
          20    -0.46177   -0.462148 0.000115379
           1   -0.452027   -0.452027           0
           2   -0.452858   -0.452443 0.000293874
           3   -0.452461   -0.452449 0.000195977
           4   -0.451762   -0.452277 0.000209019
           5   -0.451678   -0.452157 0.000198659
           6   -0.452957   -0.452291 0.000205435
           7   -0.452468   -0.452316 0.000177645
           8   -0.452738   -0.452369 0.000163101
           9   -0.452443   -0.452377 0.000145189
          10   -0.452354   -0.452375 0.000130689
          11   -0.453398   -0.452468 0.000148289
          12   -0.452162   -0.452442 0.000138097
          13   -0.452682   -0.452461 0.000128696
          14   -0.453942   -0.452566 0.000157071
          15   -0.452479   -0.452561 0.000146707
          16   -0.452066    -0.45253 0.000140763
          17    -0.45265   -0.452537 0.000132659
          18   -0.452027   -0.452508 0.000128274
          19   -0.452609   -0.452514 0.000121631
          20   -0.453096   -0.452543 0.000118983
