           1    0.912118    0.912118           0
           2    0.876033    0.894075    0.012758
           3    0.916292    0.901481   0.0104356
           4    0.797044    0.875371   0.0239276
           5    0.856735    0.871644   0.0194302
           6    0.914101     0.87872   0.0174328
           7    0.924722    0.885292   0.0161336
           8    0.909474    0.888315   0.0143973
           9    0.834316    0.882315   0.0139921
          10    0.796805    0.873764   0.0149796
          11    0.845274    0.871174   0.0138399
          12    0.881517    0.872036   0.0127134
          13    0.806541    0.866998   0.0126945
          14    0.898429    0.869243   0.0119846
          15    0.880332    0.869982   0.0112084
          16    0.881307     0.87069   0.0105302
          17    0.900362    0.872435   0.0100544
          18    0.916372    0.874876  0.00978763
          19    0.831334    0.872585  0.00953702
          20    0.847244    0.871318  0.00914394
           1    0.796179    0.796179           0
           2    0.821312    0.808745  0.00888565
           3     0.82066    0.812717   0.0067532
           4    0.823264    0.815354  0.00555584
           5    0.848575    0.821998  0.00742111
           6    0.852779    0.827128  0.00775743
           7    0.850379     0.83045  0.00732589
           8    0.792799    0.825743  0.00777632
           9    0.754903    0.817872   0.0101415
          10    0.825381    0.818623  0.00915512
          11    0.789771       0.816  0.00869044
          12    0.829525    0.817127  0.00803899
          13    0.786703    0.814787  0.00775379
          14    0.797969    0.813586   0.0072924
          15    0.796506    0.812447  0.00689456
          16    0.817952    0.812791  0.00647223
          17    0.780798    0.810909  0.00635924
          18    0.806045    0.810639  0.00601169
          19    0.780819    0.809069   0.0058966
          20    0.786599    0.807946   0.0057078
           1    0.642445    0.642445           0
           2    0.719922    0.681184   0.0273925
           3    0.692062     0.68481   0.0185001
           4    0.648492     0.67573   0.0159483
           5    0.668554    0.674295    0.012823
           6    0.697306     0.67813   0.0112447
           7    0.692891    0.680239  0.00983407
           8    0.678387    0.680007  0.00860754
           9    0.655574    0.677293  0.00806791
          10    0.663731    0.675936  0.00737421
          11    0.664581    0.674904   0.0067757
          12    0.637016    0.671747  0.00690762
          13    0.707537      0.6745  0.00690313
          14    0.716963    0.677533  0.00704494
          15    0.686149    0.678107  0.00659865
          16    0.705949    0.679848  0.00641157
          17    0.707044    0.681447  0.00623081
          18    0.715637    0.683347  0.00616737
          19     0.73186      0.6859  0.00634937
          20     0.65847    0.684529  0.00617825
           1    0.550719    0.550719           0
           2    0.568459    0.559589   0.0062719
           3    0.534607    0.551262  0.00798197
           4    0.563302    0.554272  0.00652938
           5    0.571322    0.557682  0.00604882
           6    0.564778    0.558865  0.00515503
           7    0.558685    0.558839  0.00441866
           8    0.545954    0.557228  0.00414951
           9    0.522502     0.55337   0.0051806
          10    0.562132    0.554246  0.00473607
          11    0.516793    0.550841  0.00539224
          12    0.521962    0.548435  0.00545356
          13    0.496566    0.544445  0.00632745
          14    0.577841     0.54683  0.00630915
          15    0.565978    0.548107  0.00601629
          16     0.55992    0.548845   0.0056854
          17    0.559214    0.549455  0.00538358
          18    0.605426    0.552564  0.00591471
          19    0.583669    0.554202  0.00582557
          20    0.539114    0.553447  0.00558292
           1    0.436474    0.436474           0
           2    0.448649    0.442561  0.00430444
           3    0.504895    0.463339   0.0172061
           4    0.434421     0.45611   0.0143432
           5    0.450928    0.455074   0.0115119
           6     0.46227    0.456273  0.00965556
           7    0.453574    0.455887  0.00828388
           8     0.42425    0.451933   0.0081378
           9    0.434315    0.449975  0.00746533
          10     0.48462     0.45344  0.00747963
          11    0.432956    0.451578  0.00702764
          12    0.425974    0.449444  0.00675814
          13    0.453168     0.44973  0.00624435
          14    0.454528    0.450073  0.00580772
          15    0.442393    0.449561  0.00544306
          16    0.453669    0.449818  0.00510892
          17    0.432101    0.448776  0.00491354
          18    0.405278    0.446359  0.00520097
          19    0.438387     0.44594  0.00494413
          20    0.471995    0.447242  0.00486553
           1    0.390619    0.390619           0
           2    0.351107    0.370863   0.0139695
           3    0.360834     0.36752  0.00970474
           4    0.380379    0.370735  0.00779282
           5     0.35583    0.367754  0.00678047
           6    0.381301    0.370012   0.0060146
           7    0.360602    0.368667  0.00530347
           8    0.332156    0.364103  0.00630554
           9    0.361798    0.363847  0.00561013
          10    0.322656    0.359728  0.00638465
          11    0.371789    0.360825  0.00589762
          12    0.368467    0.361461  0.00544043
          13    0.374757    0.362484  0.00511716
          14    0.302546    0.358203  0.00629272
          15    0.365731    0.358705  0.00589318
          16    0.330771    0.356959  0.00577768
          17     0.35661    0.356938  0.00543785
          18    0.339062    0.355945  0.00522565
          19    0.363662    0.356351  0.00496637
          20    0.341267    0.355597  0.00477498
           1    0.299456    0.299456           0
           2    0.315466    0.307461  0.00566025
           3    0.333435    0.316119  0.00801332
           4    0.291831    0.310047  0.00798579
           5    0.266236    0.301285   0.0101111
           6    0.263303    0.294955   0.0102171
           7    0.295502    0.295033  0.00875786
           8    0.306523    0.296469     0.00778
           9    0.312198    0.298217  0.00710913
          10    0.279249     0.29632  0.00664643
          11    0.280348    0.294868  0.00619878
          12    0.287708    0.294271  0.00571086
          13     0.29455    0.294293   0.0052716
          14    0.249768    0.291112  0.00577528
          15    0.267958    0.289569  0.00559275
          16    0.315093    0.291164  0.00546598
          17    0.301059    0.291746  0.00517535
          18    0.295853    0.291974  0.00489286
          19    0.298518    0.292319  0.00464745
          20    0.290311    0.292218  0.00441616
           1    0.234732    0.234732           0
           2    0.232918    0.233825 0.000641204
           3    0.207206    0.224952  0.00725754
           4    0.241121    0.228994  0.00647167
           5    0.244322     0.23206  0.00585861
           6    0.244495    0.234132  0.00523595
           7    0.242897    0.235384  0.00463524
           8     0.22644    0.234266  0.00418851
           9    0.248372    0.235834  0.00400563
          10    0.230616    0.235312  0.00363889
          11    0.230898    0.234911  0.00333014
          12    0.264087    0.237342  0.00383895
          13    0.234703    0.237139  0.00354901
          14     0.23822    0.237216  0.00329635
          15    0.244176     0.23768  0.00310907
          16    0.249108    0.238394  0.00299567
          17    0.259956    0.239663  0.00307626
          18    0.251109    0.240299  0.00297036
          19    0.236263    0.240086   0.0028216
          20    0.242517    0.240208  0.00268314
           1     0.18812     0.18812           0
           2    0.185826    0.186973 0.000810769
           3    0.196603    0.190183  0.00267605
           4    0.204627    0.193794  0.00371585
           5    0.179192    0.190873  0.00395728
           6    0.175773    0.188357  0.00401911
           7    0.187188     0.18819  0.00344842
           8    0.207054    0.190548  0.00373761
           9    0.215562    0.193327  0.00423138
          10    0.198885    0.193883  0.00384457
          11    0.208035     0.19517  0.00370408
          12     0.20257    0.195786  0.00344636
          13    0.215173    0.197278  0.00348903
          14    0.180085    0.196049  0.00344917
          15     0.21237    0.197138   0.0033865
          16    0.198341    0.197213  0.00317567
          17    0.205739    0.197714  0.00302822
          18    0.190909    0.197336  0.00288349
          19    0.184861     0.19668  0.00280549
          20    0.196176    0.196654  0.00266533
           1     0.18659     0.18659           0
           2    0.172674    0.179632  0.00492005
           3    0.171041    0.176769  0.00402821
           4    0.168495      0.1747  0.00351229
           5     0.16522    0.172804  0.00328189
           6    0.165479    0.171583  0.00295328
           7    0.177616    0.172445  0.00265414
           8    0.171447     0.17232   0.0023253
           9    0.176554    0.172791  0.00211397
          10    0.169025    0.172414  0.00193582
          11      0.1641    0.171658  0.00190169
          12    0.176992    0.172103   0.0017944
          13    0.175347    0.172352  0.00167363
          14    0.168778    0.172097  0.00157343
          15    0.152232    0.170773  0.00194768
          16    0.183076    0.171542   0.0019719
          17    0.156284    0.170644  0.00205001
          18    0.178094    0.171058  0.00197746
          19    0.173468    0.171185  0.00187745
          20    0.170469    0.171149  0.00178392
           1    0.158807    0.158807           0
           2     0.14845    0.153629  0.00366182
           3    0.142975    0.150077  0.00379033
           4    0.149869    0.150025   0.0028431
           5    0.143957    0.148812  0.00252024
           6    0.144233    0.148049  0.00221273
           7    0.134924    0.146174  0.00257107
           8    0.156067     0.14741  0.00252969
           9    0.137244    0.146281  0.00248808
          10    0.143312    0.145984  0.00225692
          11    0.149044    0.146262  0.00206882
          12    0.154051    0.146911  0.00199564
          13     0.14152    0.146496  0.00188473
          14    0.145475    0.146423  0.00175152
          15    0.150947    0.146725  0.00166051
          16    0.152146    0.147064  0.00159093
          17    0.147776    0.147106  0.00149789
          18    0.145224    0.147001  0.00141832
          19    0.137605    0.146507  0.00142729
          20    0.150376      0.1467  0.00136897
           1    0.124105    0.124105           0
           2    0.140977    0.132541  0.00596515
           3    0.140036    0.135039  0.00446936
           4    0.123758    0.132219  0.00414755
           5    0.135366    0.132848  0.00336545
           6     0.13192    0.132693   0.0028081
           7     0.12409    0.131464  0.00266236
           8    0.117421    0.129709  0.00285011
           9     0.11369    0.127929  0.00303877
          10    0.118266    0.126963  0.00288445
          11    0.128572    0.127109  0.00262593
          12    0.123451    0.126804  0.00242473
          13    0.117536    0.126091  0.00234069
          14    0.124176    0.125955  0.00217749
          15    0.123478    0.125789  0.00203857
          16     0.12824    0.125943  0.00191691
          17    0.132341    0.126319  0.00184073
          18    0.144797    0.127346  0.00200437
          19    0.132477    0.127616  0.00191699
          20    0.132477    0.127859  0.00183648
           1    0.115553    0.115553           0
           2    0.107797    0.111675  0.00274216
           3    0.106347    0.109899  0.00233347
           4     0.12317    0.113217   0.0033642
           5    0.102718    0.111117  0.00328189
           6    0.118643    0.112371  0.00296494
           7    0.101557    0.110826  0.00291623
           8    0.101324    0.109638  0.00278312
           9    0.119329    0.110715  0.00267407
          10    0.115023    0.111146  0.00244111
          11     0.11263    0.111281  0.00222292
          12    0.109223    0.111109  0.00204428
          13    0.113037    0.111258  0.00189239
          14    0.123604    0.112139  0.00195191
          15    0.111032    0.112066  0.00182318
          16    0.109694    0.111917  0.00171524
          17    0.116332    0.112177  0.00163389
          18    0.119538    0.112586  0.00159348
          19    0.103456    0.112106   0.0015804
          20    0.126762    0.112838  0.00166261
           1   0.0968688   0.0968688           0
           2   0.0926432    0.094756  0.00149398
           3    0.092626    0.094046  0.00115241
           4   0.0888284   0.0927416  0.00142237
           5   0.0989416   0.0939816  0.00158899
           6    0.104449   0.0957261  0.00207112
           7   0.0856816   0.0942912  0.00221729
           8   0.0956228   0.0944577  0.00194637
           9     0.10439   0.0955613   0.0020189
          10   0.0931288    0.095318   0.0018316
          11    0.095032    0.095292  0.00166528
          12     0.09552    0.095311  0.00152661
          13   0.0888044   0.0948105  0.00148897
          14    0.101165   0.0952644  0.00145015
          15      0.1051   0.0959202  0.00149439
          16   0.0948548   0.0958536  0.00140248
          17   0.0985024   0.0960094  0.00132861
          18   0.0898368   0.0956665   0.0012983
          19    0.102703   0.0960368  0.00128169
          20    0.101343   0.0963021  0.00124477
           1   0.0951304   0.0951304           0
           2   0.0857492   0.0904398  0.00331676
           3   0.0910984   0.0906593  0.00221842
           4   0.0867648   0.0896857  0.00186528
           5   0.0918448   0.0901175   0.0015414
           6   0.0835856   0.0890289  0.00162406
           7   0.0850364   0.0884585  0.00148884
           8   0.0769032   0.0870141  0.00187687
           9   0.0855368     0.08685  0.00167549
          10   0.0797188   0.0861368  0.00165275
          11   0.0834852   0.0858958  0.00151998
          12   0.0900308   0.0862404  0.00143184
          13   0.0884148   0.0864076  0.00133143
          14   0.0890804   0.0865985  0.00124994
          15   0.0859224   0.0865535  0.00116742
          16   0.0892684   0.0867232  0.00110672
          17    0.091778   0.0870205  0.00108083
          18    0.088578    0.087107  0.00102424
          19   0.0961304   0.0875819  0.00107481
          20   0.0833624    0.087371  0.00104157
           1   0.0775556   0.0775556           0
           2   0.0799684    0.078762 0.000853054
           3   0.0764892   0.0780044 0.000840274
           4   0.0744328   0.0771115 0.000997553
           5   0.0868408   0.0790574  0.00191467
           6   0.0787688   0.0790093  0.00159616
           7   0.0750012   0.0784367  0.00146725
           8   0.0795028   0.0785699  0.00128988
           9   0.0832588   0.0790909  0.00124734
          10   0.0816496   0.0793468  0.00114855
          11   0.0855696   0.0799125  0.00117523
          12   0.0764072   0.0796204    0.001113
          13   0.0792576   0.0795925  0.00102774
          14   0.0720372   0.0790528  0.00108682
          15     0.07946     0.07908   0.0010147
          16   0.0725328   0.0786708  0.00103049
          17   0.0739556   0.0783934  0.00100651
          18   0.0819284   0.0785898 0.000969565
          19   0.0790528   0.0786142 0.000918842
          20   0.0776244   0.0785647 0.000874231
           1   0.0716804   0.0716804           0
           2   0.0687232   0.0702018  0.00104553
           3   0.0703544   0.0702527 0.000698255
           4   0.0644516   0.0688024  0.00136077
           5   0.0748296   0.0700078  0.00153218
           6   0.0788836   0.0714871  0.00185845
           7   0.0742996   0.0718889  0.00163581
           8     0.07483   0.0722565  0.00147207
           9    0.076142   0.0726883  0.00137035
          10   0.0701552    0.072435  0.00125651
          11   0.0725448   0.0724449  0.00114232
          12   0.0703988   0.0722744  0.00105978
          13   0.0696472   0.0720723 0.000997338
          14   0.0787104   0.0725465  0.00103267
          15   0.0757004   0.0727567 0.000985003
          16   0.0709656   0.0726448  0.00092978
          17   0.0663124   0.0722723 0.000946766
          18    0.063266    0.071772  0.00101783
          19   0.0693228   0.0716431 0.000972389
          20   0.0748892   0.0718054 0.000937217
           1   0.0672476   0.0672476           0
           2   0.0629668   0.0651072  0.00151349
           3   0.0636376   0.0646173  0.00108538
           4   0.0654084   0.0648151 0.000831857
           5     0.05675   0.0632021  0.00158882
           6     0.06851   0.0640867  0.00155087
           7   0.0682968   0.0646882  0.00144123
           8   0.0652588   0.0647595  0.00126284
           9   0.0661316    0.064912  0.00113169
          10    0.061604   0.0645812  0.00106577
          11    0.066848   0.0647872 0.000988602
          12   0.0627584   0.0646182 0.000920562
          13   0.0602592   0.0642829 0.000908766
          14   0.0624696   0.0641533 0.000853034
          15   0.0652388   0.0642257 0.000799228
          16   0.0693712   0.0645473 0.000811402
          17   0.0640672   0.0645191 0.000764164
          18   0.0598124   0.0642576 0.000765141
          19   0.0666824   0.0643852 0.000735436
          20   0.0646768   0.0643998 0.000698809
           1   0.0620336   0.0620336           0
           2   0.0612144    0.061624 0.000289631
           3   0.0586004   0.0606161 0.000845269
           4   0.0507844   0.0581582  0.00222103
           5   0.0643064   0.0593878  0.00208967
           6    0.056014   0.0588255  0.00181547
           7   0.0624652   0.0593455  0.00162887
           8   0.0568988   0.0590396  0.00145369
           9   0.0602008   0.0591687  0.00129788
          10   0.0594608   0.0591979  0.00116842
          11   0.0587452   0.0591567  0.00106293
          12   0.0548428   0.0587972  0.00103336
          13   0.0564044   0.0586132 0.000970122
          14   0.0565456   0.0584655 0.000911999
          15   0.0577376    0.058417 0.000852489
          16   0.0651828   0.0588398 0.000897983
          17   0.0545316   0.0585864 0.000880195
          18   0.0620548   0.0587791 0.000852125
          19    0.056548   0.0586617 0.000815327
          20   0.0643068   0.0589439 0.000821967
           1     0.05284     0.05284           0
           2   0.0486548   0.0507474  0.00147969
           3   0.0548236   0.0521061  0.00148455
           4   0.0516428   0.0519903  0.00111792
           5   0.0559436    0.052781  0.00114015
           6   0.0488884   0.0521322  0.00111959
           7   0.0539328   0.0523894 0.000988758
           8   0.0575984   0.0530405  0.00105805
           9   0.0501004   0.0527139 0.000989639
          10   0.0563792   0.0530804 0.000956145
          11    0.060762   0.0537787  0.00109493
          12   0.0587524   0.0541932  0.00107929
          13   0.0599004   0.0546322  0.00108187
          14   0.0610992   0.0550941   0.0010988
          15   0.0605724   0.0554594  0.00108454
          16   0.0542808   0.0553857  0.00101926
          17   0.0568836   0.0554738 0.000963101
          18   0.0515048   0.0552533 0.000934496
          19   0.0548764   0.0552335 0.000885522
          20   0.0515032    0.055047 0.000860664
           1   0.0518992   0.0518992           0
           2   0.0560756   0.0539874  0.00147658
           3   0.0457252   0.0512333  0.00245471
           4   0.0530028   0.0516757  0.00188047
           5   0.0531416   0.0519689  0.00152706
           6    0.047898   0.0512904  0.00141527
           7    0.047324   0.0507238  0.00132166
           8   0.0491676   0.0505292  0.00117068
           9   0.0551092   0.0510381  0.00114588
          10   0.0483372    0.050768  0.00106265
          11   0.0479236   0.0505095 0.000997011
          12   0.0474732   0.0502564 0.000945488
          13   0.0501004   0.0502444 0.000872834
          14   0.0446912   0.0498478 0.000896098
          15   0.0503368   0.0498804 0.000836951
          16   0.0498152   0.0498763 0.000784652
          17   0.0454648   0.0496168 0.000780228
          18    0.048738    0.049568 0.000738408
          19   0.0512704   0.0496576 0.000704959
          20   0.0461768   0.0494835 0.000690861
           1   0.0466976   0.0466976           0
           2    0.045282   0.0459898  0.00050049
           3   0.0458796   0.0459531 0.000335005
           4   0.0428504   0.0451774 0.000717198
           5   0.0491064   0.0459632 0.000907295
           6   0.0421804   0.0453327 0.000950208
           7   0.0541588   0.0465936  0.00142338
           8   0.0454852    0.046455  0.00125219
           9   0.0530816   0.0471913  0.00131178
          10   0.0480176    0.047274   0.0011832
          11   0.0497248   0.0474968  0.00109642
          12   0.0458908   0.0473629  0.00101318
          13    0.048118    0.047421 0.000936909
          14   0.0457692    0.047303 0.000877384
          15   0.0438884   0.0470754 0.000847909
          16   0.0479584   0.0471306 0.000796709
          17   0.0455308   0.0470365 0.000755381
          18    0.048878   0.0471388  0.00072031
          19   0.0472412   0.0471442 0.000682419
          20   0.0476184   0.0471679  0.00064871
           1    0.043332    0.043332           0
           2   0.0460356   0.0446838 0.000955867
           3   0.0517316   0.0470331  0.00202125
           4   0.0416136   0.0456782  0.00191698
           5    0.047788   0.0461002  0.00157934
           6    0.041502   0.0453338   0.0014905
           7   0.0440912   0.0451563   0.0012881
           8   0.0433444   0.0449298  0.00114683
           9   0.0478316   0.0452522  0.00106376
          10     0.04854    0.045581  0.00100691
          11   0.0468208   0.0456937 0.000921659
          12   0.0481212    0.045896  0.00086677
          13   0.0441512   0.0457618  0.00081042
          14   0.0433036   0.0455862 0.000771319
          15    0.043814   0.0454681  0.00072889
          16   0.0411812   0.0452001 0.000730921
          17   0.0430984   0.0450765 0.000698303
          18   0.0467208   0.0451678 0.000665456
          19   0.0425004   0.0450275 0.000645072
          20   0.0464664   0.0450994 0.000616817
           1   0.0418548   0.0418548           0
           2   0.0439752    0.042915 0.000749675
           3   0.0445368   0.0434556 0.000666795
           4   0.0395628   0.0424824 0.000980018
           5   0.0416244   0.0423108 0.000798896
           6   0.0415632   0.0421862 0.000675394
           7   0.0394448   0.0417946  0.00068308
           8   0.0364248   0.0411234 0.000866868
           9   0.0409104   0.0410997 0.000770872
          10   0.0425028     0.04124 0.000706439
          11    0.039234   0.0410576 0.000665339
          12   0.0393504   0.0409154  0.00062492
          13   0.0418388   0.0409864 0.000580872
          14   0.0398636   0.0409062  0.00054489
          15   0.0418088   0.0409664 0.000511876
          16   0.0439776   0.0411546 0.000513317
          17   0.0399848   0.0410858 0.000487712
          18    0.048022   0.0414711 0.000593641
          19   0.0397256   0.0413792 0.000569461
          20   0.0394184   0.0412812 0.000549363
           1   0.0393204   0.0393204           0
           2   0.0368116    0.038066 0.000886995
           3   0.0391224   0.0384181 0.000657523
           4   0.0392836   0.0386345 0.000527541
           5   0.0347604   0.0378597 0.000811412
           6   0.0361156    0.037569 0.000726379
           7   0.0363048   0.0373884 0.000644671
           8      0.0372   0.0373649 0.000564517
           9   0.0294812   0.0364889 0.000966358
          10   0.0404252   0.0368825 0.000946503
          11   0.0376212   0.0369497 0.000862836
          12   0.0359024   0.0368624 0.000795334
          13   0.0386712   0.0370015 0.000746226
          14   0.0363484   0.0369549 0.000694381
          15   0.0352432   0.0368408 0.000657399
          16    0.037304   0.0368697 0.000616948
          17   0.0351056    0.036766  0.00058932
          18   0.0375364   0.0368088 0.000558132
          19   0.0366124   0.0367984 0.000528853
          20   0.0385328   0.0368851  0.00050947
           1   0.0359596   0.0359596           0
           2   0.0380488   0.0370042 0.000738644
           3   0.0366856    0.036898 0.000500005
           4    0.036534    0.036807 0.000383196
           5    0.039978   0.0374412 0.000644783
           6    0.037716    0.037487 0.000538943
           7   0.0366704   0.0373703 0.000474409
           8   0.0385636   0.0375195 0.000437928
           9   0.0364496   0.0374006 0.000405083
          10   0.0381324   0.0374738 0.000371126
          11   0.0391272   0.0376241 0.000366564
          12   0.0358608   0.0374772  0.00036428
          13   0.0356532   0.0373369 0.000362272
          14   0.0355064   0.0372061 0.000359216
          15   0.0351908   0.0370718 0.000359517
          16   0.0313044   0.0367113 0.000485192
          17   0.0335144   0.0365232 0.000491746
          18   0.0351828   0.0364488 0.000470032
          19     0.03613    0.036432 0.000445592
          20   0.0343124    0.036326 0.000435734
           1   0.0340096   0.0340096           0
           2   0.0395028   0.0367562  0.00194214
           3   0.0308064   0.0347729  0.00207331
           4   0.0312076   0.0338816  0.00173604
           5   0.0362932   0.0343639  0.00145429
           6   0.0323004     0.03402  0.00125192
           7   0.0298712   0.0334273  0.00120523
           8   0.0323636   0.0332944  0.00106188
           9   0.0370984    0.033717  0.00102457
          10   0.0298636   0.0333317 0.000991933
          11   0.0309276   0.0331131 0.000925521
          12   0.0362444   0.0333741 0.000884414
          13   0.0333784   0.0333744 0.000816382
          14   0.0335004   0.0333834 0.000758119
          15   0.0388032   0.0337447 0.000788996
          16   0.0332868   0.0337161 0.000740202
          17    0.033942   0.0337294  0.00069678
          18   0.0376396   0.0339466 0.000691105
          19   0.0370828   0.0341117 0.000674154
          20   0.0360756   0.0342099 0.000647558
           1   0.0298536   0.0298536           0
           2   0.0324452   0.0311494 0.000916269
           3   0.0325792    0.031626 0.000724268
           4   0.0336072   0.0321213 0.000692141
           5   0.0339224   0.0324815 0.000640628
           6   0.0287956   0.0318672  0.00077427
           7    0.032836   0.0320056 0.000675916
           8   0.0313572   0.0319246 0.000596266
           9   0.0339056   0.0321447 0.000569195
          10   0.0316628   0.0320965 0.000514311
          11   0.0310944   0.0320054 0.000475555
          12   0.0272732    0.031611   0.0005767
          13   0.0326996   0.0316948 0.000538383
          14   0.0306968   0.0316235 0.000504624
          15   0.0324548   0.0316789 0.000474016
          16    0.029486   0.0315419 0.000463781
          17   0.0300328   0.0314531 0.000444914
          18   0.0278872    0.031255 0.000462202
          19   0.0342616   0.0314132 0.000464174
          20   0.0344904   0.0315671 0.000465768
           1   0.0303252   0.0303252           0
           2   0.0309472   0.0306362  0.00021991
           3   0.0335764   0.0316163  0.00081354
           4   0.0271848   0.0305084  0.00113702
           5   0.0293532   0.0302774 0.000932794
           6     0.02835   0.0299561   0.0008308
           7   0.0298964   0.0299476 0.000712158
           8   0.0306676   0.0300376   0.0006288
           9   0.0311364   0.0301597 0.000570662
          10   0.0310924    0.030253 0.000521163
          11   0.0322076   0.0304307 0.000503166
          12   0.0369188   0.0309713 0.000693333
          13    0.030314   0.0309208 0.000641841
          14     0.02814   0.0307221 0.000625975
          15   0.0321452    0.030817 0.000591389
          16   0.0310428   0.0308311 0.000554595
          17   0.0287232   0.0307071 0.000535654
          18   0.0278724   0.0305496 0.000528539
          19   0.0352452   0.0307968 0.000555503
          20    0.030482    0.030781  0.00052795
           1   0.0297256   0.0297256           0
           2   0.0281588   0.0289422 0.000553947
           3   0.0278504   0.0285783 0.000474004
           4    0.031388   0.0292807 0.000704586
           5   0.0282152   0.0290676 0.000595023
           6   0.0261908   0.0285881 0.000661395
           7   0.0221316   0.0276658  0.00102499
           8   0.0278492   0.0276887 0.000897122
           9    0.031192    0.028078 0.000877837
          10    0.029864   0.0282566 0.000808018
          11   0.0227364   0.0277547 0.000876655
          12   0.0326676   0.0281641 0.000894102
          13   0.0308452   0.0283704 0.000848777
          14   0.0288184   0.0284024 0.000788753
          15   0.0273168     0.02833 0.000739483
          16   0.0307964   0.0284841  0.00070915
          17    0.030288   0.0285903 0.000675327
          18   0.0290552   0.0286161 0.000638302
          19   0.0285188    0.028611 0.000604728
          20    0.031992     0.02878 0.000597654
           1   0.0281564   0.0281564           0
           2   0.0286096    0.028383  0.00016023
           3   0.0266536   0.0278065 0.000482652
           4    0.023222   0.0266604  0.00105653
           5   0.0279468   0.0269177 0.000875989
           6    0.029138   0.0272877 0.000804365
           7   0.0273136   0.0272914 0.000689464
           8   0.0276292   0.0273336 0.000604572
           9   0.0218576   0.0267252 0.000786049
          10   0.0236472   0.0264174 0.000765339
          11    0.028352   0.0265933 0.000715685
          12   0.0267136   0.0266033 0.000656115
          13    0.027036   0.0266366 0.000606488
          14   0.0254784   0.0265539 0.000568782
          15   0.0284044   0.0266772 0.000544078
          16   0.0299708   0.0268831 0.000547631
          17   0.0237484   0.0266987 0.000545578
          18   0.0285012   0.0267988 0.000524378
          19   0.0259424   0.0267537 0.000498713
          20     0.02915   0.0268736 0.000487957
           1   0.0255116   0.0255116           0
           2    0.028188   0.0268498  0.00094625
           3   0.0260076   0.0265691 0.000671187
           4    0.023382   0.0257723 0.000854125
           5   0.0259788   0.0258136 0.000684298
           6    0.023342   0.0254017 0.000683074
           7   0.0264304   0.0255486 0.000601094
           8   0.0236232    0.025308 0.000572115
           9   0.0268556   0.0254799 0.000533765
          10    0.024546   0.0253865  0.00048849
          11   0.0286904   0.0256869 0.000528412
          12   0.0253864   0.0256618 0.000484971
          13    0.026278   0.0257092 0.000449976
          14   0.0265996   0.0257728 0.000422305
          15   0.0238408    0.025644 0.000413327
          16   0.0265004   0.0256975 0.000390944
          17    0.027278   0.0257905  0.00037884
          18   0.0225336   0.0256096 0.000398669
          19   0.0281084   0.0257411 0.000398789
          20    0.023682   0.0256381 0.000391915
